86891
16700.000000 53233.333300
16700.000000 53250.000000
16716.666700 53300.000000
16733.333300 53333.333300
16750.000000 53416.666700
16816.666700 53316.666700
16883.333300 53783.333300
16934.166700 53992.500000
16983.333300 54016.666700
16983.333300 54116.666700
16988.611100 54692.222200
16999.166700 54053.333300
17000.000000 53983.333300
17003.333300 54037.777800
17009.722200 54163.055600
17016.666700 53000.000000
17016.666700 53683.333300
17016.666700 53983.333300
17017.500000 54082.777800
17033.333300 54450.000000
17035.000000 54209.444400
17036.944400 53982.777800
17037.222200 54403.611100
17039.722200 53966.666700
17040.833300 54431.388900
17044.722200 53972.777800
17050.000000 54133.333300
17050.000000 55066.666700
17055.833300 54227.222200
17059.166700 54596.666700
17060.555600 53974.722200
17061.666700 54231.944400
17066.666700 53950.000000
17068.055600 54540.833300
17071.111100 54629.444400
17071.666700 54465.277800
17075.000000 54042.222200
17077.222200 54619.444400
17082.777800 54436.666700
17083.055600 54031.666700
17083.333300 54376.944400
17083.333300 54466.666700
17086.111100 54508.611100
17087.222200 54581.111100
17088.888900 54385.277800
17089.722200 54064.722200
17090.000000 54604.166700
17091.388900 54123.611100
17091.388900 54383.333300
17094.722200 54510.277800
17095.000000 54385.000000
17095.833300 54396.666700
17098.888900 54327.222200
17100.000000 55116.666700
17102.500000 54593.333300
17103.888900 54029.722200
17107.222200 54321.666700
17107.777800 54263.611100
17107.777800 54490.833300
17109.166700 54426.111100
17111.111100 54455.277800
17111.388900 54407.222200
17113.611100 54027.222200
17116.666700 54000.000000
17118.055600 53981.111100
17118.055600 54009.722200
17118.055600 54555.277800
17118.888900 54015.555600
17119.166700 54333.888900
17120.555600 54435.000000
17122.222200 54481.388900
17123.611100 54256.388900
17123.611100 54540.277800
17123.888900 54400.555600
17124.166700 54435.277800
17125.000000 54430.555600
17126.666700 54002.777800
17128.055600 54509.166700
17128.888900 54456.944400
17129.722200 54385.555600
17130.833300 54101.666700
17131.388900 54541.666700
17131.944400 54021.666700
17131.944400 54277.777800
17132.222200 53994.722200
17132.222200 54005.000000
17132.500000 53972.777800
17133.055600 54158.888900
17133.333300 54016.666700
17133.333300 54100.000000
17133.333300 54116.666700
17133.333300 54450.000000
17133.333300 54516.666700
17133.611100 54353.333300
17134.722200 54276.666700
17136.111100 54091.944400
17136.666700 54383.333300
17138.333300 54077.222200
17138.333300 54085.555600
17139.444400 54399.722200
17140.555600 54066.944400
17140.555600 54082.777800
17141.666700 54044.166700
17141.666700 54162.500000
17142.222200 54446.666700
17142.777800 54133.055600
17144.444400 54347.777800
17144.722200 54580.555600
17145.833300 54539.166700
17146.388900 54057.500000
17147.500000 54195.277800
17148.055600 54179.722200
17148.055600 54431.666700
17150.000000 54316.666700
17150.000000 54416.666700
17151.666700 54199.444400
17152.222200 54021.388900
17153.055600 54380.833300
17153.333300 54021.944400
17153.333300 54303.333300
17153.888900 54312.777800
17155.277800 54381.666700
17158.055600 54043.055600
17158.333300 54049.166700
17159.444400 54082.222200
17165.555600 54262.777800
17165.555600 54436.944400
17165.555600 54543.055600
17167.777800 54084.166700
17169.166700 54216.666700
17170.277800 53993.611100
17170.833300 54246.111100
17170.833300 54261.111100
17173.611100 54083.611100
17177.222200 54133.055600
17177.500000 54370.277800
17178.611100 54446.944400
17179.166700 54383.888900
17179.166700 54415.833300
17180.000000 54365.833300
17180.555600 54087.777800
17183.333300 54109.722200
17183.333300 54250.000000
17183.611100 54390.833300
17183.888900 54414.166700
17185.277800 54272.222200
17189.166700 54133.888900
17189.722200 54159.166700
17189.722200 54185.277800
17190.555600 54365.277800
17190.555600 54533.055600
17192.500000 54318.888900
17192.777800 54406.944400
17194.444400 53993.333300
17195.555600 54135.277800
17197.500000 54376.666700
17198.055600 54211.944400
17198.333300 54141.388900
17199.444400 54088.611100
17200.000000 53983.333300
17200.000000 54466.666700
17216.666700 54033.333300
17216.666700 54050.000000
17228.055600 54603.611100
17233.333300 53966.666700
17233.333300 54000.000000
17233.333300 54033.333300
17235.277800 54048.333300
17250.000000 54250.000000
17254.444400 54496.388900
17283.333300 53966.666700
17333.333300 52750.000000
17333.333300 52783.333300
17350.000000 52816.666700
17366.666700 55283.333300
17400.000000 53900.000000
17400.000000 53916.666700
17450.000000 53700.000000
17450.000000 55250.000000
17466.666700 52833.333300
17466.666700 53516.666700
17483.333300 54550.000000
17566.666700 53716.666700
17583.333300 52550.000000
17583.333300 53683.333300
17670.000000 54033.333300
17716.666700 53066.666700
17733.333300 53550.000000
17766.666700 53533.333300
17816.111100 54284.166700
17816.666700 55666.666700
17850.000000 52983.333300
17883.333300 53050.000000
17916.666700 53516.666700
17933.333300 56333.333300
17950.000000 55683.333300
18000.000000 53966.666700
18083.333300 56483.333300
18116.666700 55633.333300
18116.666700 56533.333300
18133.333300 55266.666700
18200.000000 56550.000000
18300.000000 55966.666700
18316.666700 56600.000000
18350.000000 54700.000000
18350.000000 55166.666700
18366.666700 54933.333300
18433.333300 53133.333300
18466.666700 56450.000000
18483.333300 56050.000000
18600.000000 54883.333300
18650.000000 54083.333300
18650.000000 56533.333300
18966.666700 54783.333300
19000.000000 56916.666700
19100.000000 56966.666700
19500.000000 54866.666700
19650.000000 57700.000000
19800.000000 57716.666700
19833.333300 57750.000000
19933.333300 56316.666700
20033.333300 55600.000000
20050.000000 57733.333300
20183.333300 56033.333300
20250.000000 58733.333300
20300.000000 58633.333300
20316.666700 56166.666700
20350.000000 58683.333300
20366.666700 58783.333300
20400.000000 58816.666700
20405.833300 58788.888900
20416.666700 58733.333300
20416.666700 58750.000000
20421.944400 58816.944400
20433.333300 58766.666700
20461.666700 58781.944400
20466.666700 58050.000000
20466.666700 58783.333300
20466.666700 58900.000000
20477.777800 58898.611100
20483.333300 56250.000000
20509.166700 58785.277800
20516.666700 58950.000000
20521.388900 58944.722200
20533.333300 55933.333300
20546.388900 58936.388900
20548.333300 58807.500000
20550.000000 57516.666700
20559.166700 58931.388900
20560.277800 58840.555600
20566.666700 58816.666700
20590.833300 58904.722200
20599.166700 58854.166700
20600.000000 58850.000000
20616.666700 56616.666700
20616.666700 56933.333300
20616.666700 58200.000000
20658.888900 58870.277800
20666.666700 58883.333300
20683.333300 56500.000000
20783.333300 56150.000000
20848.333300 58733.888900
20883.333300 56116.666700
20883.333300 56516.666700
20950.000000 56766.666700
21016.666700 58016.666700
21066.666700 58350.000000
21100.000000 58883.333300
21250.000000 59050.000000
21283.333300 58233.333300
21400.000000 58400.000000
21400.000000 59283.333300
21500.000000 57333.333300
21583.333300 58616.666700
21600.000000 58650.000000
21700.000000 58633.333300
21850.000000 59566.666700
22005.833300 59354.722200
22014.166700 59661.388900
22016.111100 59324.166700
22021.111100 59445.833300
22027.222200 59445.555600
22032.222200 59490.277800
22036.944400 59477.777800
22050.000000 59633.333300
22069.722200 59471.944400
22081.666700 59279.722200
22083.333300 56000.000000
22085.277800 59685.555600
22109.722200 59382.500000
22110.833300 59609.722200
22118.055600 59403.055600
22119.722200 59715.277800
22126.111100 59405.000000
22128.888900 59721.111100
22129.444400 59624.166700
22140.555600 59161.388900
22163.611100 59235.000000
22166.944400 59653.611100
22168.611100 58039.722200
22179.166700 59764.166700
22192.777800 59221.388900
22219.722200 59202.500000
22226.388900 59799.166700
22243.055600 59215.555600
22261.944400 59693.888900
22293.055600 59820.555600
22299.444400 58070.000000
22370.277800 58059.444400
22374.722200 58011.944400
22382.222200 58212.777800
22383.333300 57533.333300
22393.333300 58853.055600
22398.888900 59324.722200
22399.722200 59248.611100
22407.500000 59325.555600
22410.277800 58026.111100
22416.111100 59178.055600
22420.277800 59151.388900
22421.388900 59252.500000
22427.777800 59361.111100
22428.611100 58017.777800
22428.611100 59410.277800
22430.833300 59385.277800
22433.333300 58783.333300
22435.555600 58800.555600
22437.777800 59828.611100
22446.111100 58813.055600
22447.222200 58019.166700
22448.611100 59828.055600
22449.166700 59374.166700
22450.000000 58800.000000
22451.944400 58794.444400
22466.666700 57966.666700
22470.277800 59106.666700
22473.611100 59763.055600
22473.888900 58017.222200
22478.333300 59126.111100
22491.944400 59718.333300
22496.388900 59396.388900
22498.611100 58028.611100
22500.000000 57083.333300
22500.833300 58743.888900
22502.222200 58114.722200
22505.277800 58021.111100
22509.722200 59122.222200
22513.333300 59341.111100
22516.666700 58150.000000
22519.722200 59410.000000
22522.500000 58158.888900
22523.055600 59788.888900
22525.000000 58123.888900
22528.611100 59528.888900
22538.611100 58118.055600
22539.444400 59381.111100
22545.000000 58176.944400
22545.555600 59506.388900
22546.944400 59128.055600
22549.166700 59521.388900
22549.722200 59120.277800
22550.000000 58666.666700
22550.555600 58686.388900
22550.555600 59328.055600
22552.222200 58004.166700
22557.777800 59617.222200
22558.888900 58027.222200
22558.888900 59108.333300
22559.166700 59477.222200
22563.611100 58192.777800
22566.666700 58700.000000
22566.666700 59100.000000
22566.666700 59528.888900
22566.944400 59542.777800
22567.777800 59111.388900
22568.055600 59290.833300
22568.888900 59522.222200
22569.166700 58120.000000
22572.777800 58192.777800
22577.500000 58023.611100
22579.166700 59500.277800
22580.000000 59511.111100
22580.277800 58130.555600
22583.611100 58683.055600
22588.333300 59286.388900
22590.277800 59090.833300
22598.611100 58826.388900
22599.722200 59268.888900
22602.500000 58182.777800
22603.055600 59085.000000
22603.333300 59465.277800
22611.666700 59468.055600
22612.500000 58668.333300
22614.444400 59092.500000
22615.277800 58137.500000
22615.833300 58040.833300
22616.111100 57998.333300
22616.666700 57300.000000
22617.222200 59295.000000
22626.388900 58148.611100
22626.666700 58006.388900
22631.111100 59437.500000
22633.333300 58533.333300
22633.333300 58550.000000
22633.333300 58666.666700
22635.277800 59307.222200
22640.277800 59290.555600
22642.222200 59287.500000
22645.000000 59252.777800
22646.944400 59261.388900
22647.777800 59272.222200
22650.000000 57333.333300
22650.277800 59347.777800
22656.666700 59215.277800
22660.000000 58042.222200
22666.666700 57283.333300
22666.666700 57350.000000
22666.666700 57983.333300
22666.666700 58033.333300
22676.388900 59310.833300
22683.333300 57283.333300
22683.333300 58516.666700
22683.333300 58533.333300
22690.277800 58546.944400
22700.000000 56833.333300
22700.833300 59370.000000
22705.277800 58528.055600
22712.222200 58509.444400
22714.166700 58171.666700
22716.666700 57233.333300
22716.666700 58516.666700
22720.555600 57996.388900
22724.166700 58651.944400
22728.333300 58531.944400
22731.666700 59162.222200
22733.333300 58650.000000
22733.333300 58683.333300
22750.000000 56966.666700
22750.555600 59175.555600
22755.000000 58654.166700
22759.166700 58651.111100
22764.166700 58501.111100
22766.666700 57483.333300
22766.666700 57516.666700
22766.666700 57633.333300
22766.666700 57666.666700
22766.666700 57750.000000
22766.666700 57850.000000
22766.666700 58016.666700
22766.666700 58666.666700
22770.833300 59213.611100
22776.666700 58012.500000
22783.333300 57433.333300
22783.333300 57600.000000
22783.333300 57666.666700
22783.333300 57800.000000
22783.333300 57816.666700
22783.333300 57850.000000
22784.166700 59138.888900
22785.833300 59139.166700
22785.833300 59228.888900
22792.500000 59121.388900
22792.500000 59230.555600
22797.777800 58127.222200
22798.611100 59232.222200
22799.722200 59176.388900
22800.000000 57583.333300
22800.000000 57716.666700
22800.000000 58000.000000
22801.388900 59243.611100
22803.888900 58025.000000
22806.944400 59174.444400
22808.055600 57997.777800
22816.666700 57533.333300
22816.666700 57750.000000
22816.666700 58150.000000
22817.777800 58155.833300
22822.222200 59261.111100
22827.222200 59256.111100
22828.333300 59258.333300
22830.833300 59225.000000
22830.833300 59254.722200
22831.111100 58990.277800
22831.666700 58168.055600
22833.055600 59233.055600
22839.166700 59248.055600
22841.944400 58168.888900
22850.000000 57466.666700
22850.000000 57966.666700
22861.388900 58057.222200
22866.666700 57516.666700
22876.944400 58206.388900
22880.555600 58775.000000
22883.333300 57533.333300
22883.333300 57750.000000
22883.333300 57933.333300
22883.333300 58216.666700
22886.111100 58013.611100
22889.166700 59184.166700
22894.166700 59165.000000
22896.388900 58420.555600
22898.888900 58023.888900
22899.444400 59085.833300
22900.000000 57250.000000
22900.000000 57766.666700
22900.000000 57916.666700
22900.000000 58016.666700
22906.666700 58883.055600
22911.666700 58046.944400
22911.666700 58880.833300
22912.222200 58078.611100
22916.666700 57250.000000
22916.666700 57316.666700
22916.666700 57716.666700
22918.611100 58078.055600
22921.944400 58073.333300
22923.611100 58054.444400
22926.666700 59211.944400
22927.500000 58078.333300
22933.333300 57266.666700
22933.333300 57533.333300
22933.333300 57600.000000
22933.333300 57666.666700
22933.333300 57766.666700
22933.333300 57783.333300
22938.333300 59133.888900
22945.555600 58020.555600
22950.000000 57266.666700
22950.000000 57283.333300
22950.000000 57533.333300
22950.000000 57650.000000
22950.000000 57666.666700
22950.000000 57900.000000
22950.000000 58816.666700
22961.111100 58277.500000
22966.666700 57300.000000
22966.666700 57550.000000
22966.666700 57683.333300
22966.666700 57916.666700
22966.666700 58300.000000
22966.666700 58550.000000
22966.666700 58566.666700
22966.666700 58800.000000
22969.444400 58295.277800
22975.555600 58255.555600
22978.611100 58270.833300
22978.611100 58521.666700
22981.111100 58535.555600
22983.333300 57133.333300
22983.333300 57150.000000
22983.333300 57583.333300
22983.333300 57666.666700
22983.333300 57783.333300
22983.333300 58550.000000
22983.333300 58566.666700
22983.333300 58783.333300
22985.833300 58293.611100
22986.944400 58472.222200
22987.500000 58510.833300
22992.222200 59138.333300
22993.888900 58022.500000
22995.555600 58473.888900
23000.000000 57316.666700
23003.333300 57776.666700
23006.666700 59009.722200
23011.388900 57701.111100
23011.666700 58224.722200
23016.111100 58022.222200
23016.666700 57166.666700
23016.666700 59116.666700
23016.944400 58147.777800
23019.444400 58740.000000
23020.000000 57536.388900
23020.555600 57522.222200
23021.666700 57993.055600
23022.500000 58211.388900
23024.444400 58743.055600
23025.277800 57667.777800
23026.388900 57982.777800
23028.055600 58011.944400
23030.833300 58583.055600
23032.500000 58991.388900
23033.611100 58278.888900
23040.000000 58933.333300
23040.833300 58701.666700
23041.111100 57142.777800
23041.111100 58544.166700
23041.388900 58197.500000
23042.500000 57448.055600
23042.500000 58314.166700
23042.777800 58091.944400
23043.888900 57670.277800
23044.166700 58940.833300
23045.000000 58982.222200
23045.555600 57961.944400
23045.833300 58654.722200
23046.111100 58514.722200
23046.111100 58608.611100
23046.666700 57988.888900
23046.944400 58661.111100
23047.500000 58688.055600
23048.055600 58623.055600
23049.722200 58928.055600
23050.000000 56983.611100
23050.000000 58983.333300
23050.555600 58623.888900
23051.111100 58085.833300
23052.500000 57410.277800
23052.500000 58615.833300
23053.333300 57658.888900
23054.722200 57956.111100
23055.277800 58980.833300
23056.388900 58133.888900
23059.444400 57130.000000
23060.000000 57701.111100
23060.000000 57954.444400
23060.555600 56982.222200
23060.833300 58911.944400
23061.111100 57000.833300
23061.388900 57572.777800
23062.222200 57569.166700
23062.222200 57666.111100
23062.500000 57948.055600
23063.055600 57264.722200
23063.333300 57680.833300
23063.611100 58070.555600
23065.833300 57659.722200
23065.833300 57950.000000
23066.111100 57663.333300
23066.111100 58985.833300
23066.666700 57034.166700
23066.666700 58616.666700
23067.777800 57695.555600
23068.611100 57640.833300
23070.277800 56965.833300
23070.277800 58614.444400
23071.388900 57601.944400
23071.666700 58610.555600
23071.666700 58992.500000
23071.944400 57131.111100
23072.222200 57666.666700
23072.500000 57662.500000
23073.333300 57925.833300
23073.611100 57538.611100
23074.166700 57550.000000
23074.166700 58866.111100
23076.111100 58570.277800
23076.388900 57535.833300
23077.500000 57709.722200
23077.500000 58871.111100
23077.777800 57944.722200
23079.722200 57106.388900
23079.722200 59054.722200
23081.944400 58725.277800
23083.333300 56816.666700
23083.333300 57280.833300
23083.333300 57300.000000
23083.333300 57516.666700
23083.333300 57933.333300
23083.611100 57611.111100
23083.611100 58866.666700
23084.166700 58153.888900
23084.444400 58567.777800
23085.555600 57739.444400
23086.388900 57298.055600
23086.944400 57555.555600
23087.222200 57517.777800
23087.222200 58861.388900
23088.055600 58853.055600
23088.888900 58040.833300
23089.444400 57735.000000
23090.555600 57521.944400
23090.833300 58104.722200
23091.111100 57724.444400
23091.666700 58236.666700
23091.666700 58862.500000
23092.777800 57730.555600
23093.888900 57430.555600
23094.166700 57756.388900
23095.277800 57564.444400
23096.111100 57758.611100
23098.055600 57553.333300
23098.333300 58036.944400
23098.333300 58573.611100
23100.000000 57050.000000
23100.000000 57161.666700
23100.000000 57833.333300
23101.666700 57910.000000
23101.666700 58454.444400
23101.944400 57310.833300
23102.500000 57556.944400
23103.333300 58567.777800
23104.166700 58580.555600
23104.444400 57835.277800
23104.722200 57558.888900
23105.277800 57069.166700
23105.277800 58847.777800
23105.833300 58306.944400
23107.222200 57819.722200
23107.222200 58353.333300
23107.222200 58561.111100
23107.500000 57563.611100
23107.777800 57559.166700
23107.777800 58305.277800
23108.055600 57836.388900
23112.500000 57541.111100
23112.500000 58516.111100
23113.611100 56933.333300
23114.444400 57577.500000
23114.444400 58476.388900
23115.555600 58513.055600
23116.666700 57650.000000
23116.666700 57916.666700
23118.055600 57449.722200
23118.055600 57836.666700
23118.055600 58541.666700
23118.888900 57577.500000
23119.166700 58318.055600
23119.166700 58532.777800
23119.722200 58216.666700
23120.555600 57283.055600
23121.111100 58361.388900
23123.611100 58463.333300
23125.277800 58314.166700
23125.555600 57568.055600
23126.388900 57520.555600
23126.388900 57753.888900
23130.277800 57083.611100
23132.500000 57560.277800
23133.611100 57672.777800
23135.000000 58396.944400
23135.833300 56894.722200
23137.222200 58401.388900
23137.777800 56924.444400
23137.777800 57085.555600
23138.611100 57734.722200
23139.166700 57312.222200
23139.722200 57843.611100
23140.000000 57741.944400
23140.277800 58413.888900
23140.555600 57471.944400
23140.833300 57666.111100
23141.111100 57755.833300
23142.222200 57447.222200
23142.777800 57734.722200
23143.333300 57564.444400
23143.888900 56451.944400
23144.722200 56466.944400
23145.277800 57673.888900
23146.111100 57851.388900
23147.222200 57517.500000
23147.222200 57602.500000
23148.333300 57559.166700
23148.611100 57206.666700
23148.611100 58830.277800
23149.722200 57529.444400
23150.000000 57000.000000
23150.000000 57816.666700
23151.388900 57341.111100
23152.222200 57776.944400
23152.777800 58314.444400
23154.722200 57738.055600
23156.111100 57540.000000
23156.944400 57741.388900
23157.222200 57347.777800
23158.055600 57298.888900
23158.055600 57301.944400
23158.333300 57339.166700
23158.333300 58854.166700
23158.611100 57545.555600
23161.666700 57858.055600
23165.277800 57483.611100
23165.555600 57926.944400
23166.666700 57683.333300
23166.944400 57849.166700
23167.777800 56942.777800
23168.333300 56909.166700
23169.444400 58922.222200
23170.277800 57152.222200
23172.500000 57670.555600
23173.055600 57430.555600
23173.611100 57318.333300
23174.166700 57867.777800
23175.000000 57200.833300
23175.277800 58814.166700
23176.944400 57911.111100
23177.222200 58986.944400
23178.611100 57318.055600
23178.611100 57866.111100
23179.166700 56480.555600
23180.833300 57654.444400
23181.388900 57296.666700
23181.388900 58318.888900
23181.944400 57607.222200
23182.777800 58989.722200
23183.333300 57016.666700
23183.333300 59000.000000
23183.888900 58598.611100
23184.166700 57490.833300
23185.000000 57613.055600
23185.000000 57618.611100
23185.277800 57411.666700
23185.555600 57626.111100
23185.555600 57636.666700
23185.833300 57018.333300
23187.222200 58982.777800
23187.500000 57317.222200
23187.500000 57563.888900
23188.055600 57574.166700
23188.611100 57386.388900
23188.888900 57631.666700
23189.166700 57610.000000
23191.388900 56435.833300
23191.388900 57211.666700
23191.944400 57557.500000
23194.166700 58606.111100
23194.722200 57371.111100
23195.555600 57557.500000
23196.944400 58989.166700
23198.333300 57206.666700
23198.611100 57373.055600
23199.444400 57721.388900
23200.000000 57679.444400
23201.388900 58953.333300
23201.666700 58986.111100
23202.777800 57661.944400
23203.888900 57562.222200
23203.888900 58585.277800
23204.166700 57511.388900
23204.444400 57525.555600
23204.722200 56524.722200
23205.555600 58965.555600
23206.111100 57562.500000
23207.777800 58685.277800
23208.055600 57381.388900
23208.333300 56959.722200
23209.444400 58977.500000
23210.000000 57338.611100
23210.000000 58083.055600
23210.277800 57555.277800
23210.833300 57662.222200
23211.111100 57455.277800
23211.388900 57673.055600
23212.777800 56429.722200
23213.611100 57459.444400
23214.722200 57013.611100
23215.000000 57872.500000
23216.111100 57148.055600
23216.666700 58566.666700
23216.944400 57402.500000
23216.944400 57505.277800
23217.222200 58077.222200
23219.166700 57441.388900
23219.444400 58138.055600
23219.444400 58914.722200
23219.722200 57314.444400
23220.000000 57332.777800
23222.500000 56461.666700
23222.777800 57302.777800
23223.333300 57333.888900
23223.611100 57323.055600
23224.166700 57037.500000
23224.722200 56473.611100
23224.722200 57322.222200
23226.111100 58676.111100
23226.944400 57645.000000
23227.222200 57329.444400
23227.222200 58080.000000
23228.055600 57559.444400
23229.444400 56458.333300
23229.444400 57061.388900
23229.722200 57046.666700
23229.722200 58070.277800
23232.222200 57286.944400
23232.777800 58569.444400
23233.333300 58233.333300
23233.611100 58079.722200
23233.888900 57129.722200
23234.166700 57039.444400
23235.555600 58077.500000
23236.111100 58707.222200
23236.388900 56504.444400
23236.666700 58896.944400
23236.944400 58118.333300
23237.777800 58722.500000
23239.166700 57535.277800
23239.444400 58910.833300
23239.722200 58234.166700
23240.277800 58901.388900
23240.555600 57195.000000
23242.222200 57301.666700
23242.777800 56516.666700
23243.888900 58764.722200
23244.444400 58531.944400
23245.833300 58557.222200
23246.388900 58917.222200
23246.666700 57373.611100
23247.500000 57317.222200
23250.000000 58583.333300
23250.277800 57286.111100
23251.111100 58090.277800
23251.111100 58101.111100
23252.500000 57045.277800
23252.777800 56746.388900
23252.777800 57340.555600
23255.000000 58787.500000
23256.388900 56508.611100
23256.388900 57299.722200
23258.333300 58720.277800
23259.444400 58884.722200
23260.000000 58782.222200
23261.111100 57282.222200
23261.944400 58230.555600
23261.944400 58591.111100
23262.777800 58916.111100
23263.888900 58903.055600
23264.722200 58626.388900
23265.277800 57210.277800
23265.833300 58923.055600
23266.388900 57267.777800
23266.944400 57278.333300
23267.222200 57397.500000
23268.888900 57700.555600
23271.388900 56527.500000
23271.388900 57328.888900
23271.388900 58751.666700
23271.944400 58907.777800
23272.500000 57456.666700
23278.888900 58752.500000
23279.166700 56698.888900
23279.722200 57922.222200
23280.277800 56536.388900
23281.944400 56922.777800
23281.944400 57464.444400
23283.333300 57833.333300
23283.611100 56893.611100
23284.166700 58040.833300
23284.722200 57469.166700
23287.777800 57830.277800
23287.777800 57920.000000
23287.777800 58604.444400
23288.055600 57970.555600
23288.888900 56547.222200
23288.888900 57328.888900
23291.388900 56658.888900
23292.222200 57975.555600
23293.611100 57979.166700
23293.611100 58530.277800
23294.722200 57008.333300
23296.388900 58225.277800
23296.666700 57975.277800
23297.222200 57981.666700
23297.777800 56618.611100
23298.055600 57977.777800
23298.611100 57168.611100
23298.611100 58061.666700
23298.888900 57534.722200
23299.722200 57529.444400
23299.722200 58598.888900
23300.000000 57983.333300
23300.000000 58216.666700
23300.555600 57545.277800
23301.111100 57980.000000
23301.388900 58032.222200
23301.666700 57986.388900
23302.777800 57550.000000
23302.777800 58042.777800
23303.888900 57981.666700
23305.555600 58029.722200
23305.833300 57987.500000
23306.111100 57531.111100
23307.222200 58000.277800
23307.777800 58060.833300
23308.888900 57992.500000
23309.444400 58014.444400
23310.000000 56627.777800
23310.000000 57321.944400
23310.555600 58023.055600
23310.833300 58018.333300
23311.388900 58041.666700
23311.666700 57478.888900
23311.666700 57994.444400
23311.944400 56614.722200
23312.500000 57230.833300
23312.500000 58006.666700
23312.777800 57031.111100
23312.777800 58004.444400
23313.888900 58011.388900
23314.166700 58006.111100
23315.833300 58008.611100
23316.111100 58074.444400
23316.666700 58016.666700
23316.666700 58733.333300
23317.500000 56316.111100
23318.611100 57576.666700
23318.611100 58019.166700
23321.944400 57028.055600
23322.222200 58741.388900
23323.888900 58225.833300
23324.444400 57939.444400
23325.833300 56386.666700
23327.222200 57950.555600
23328.333300 58595.555600
23330.555600 58122.500000
23330.555600 58581.666700
23331.666700 58226.111100
23332.222200 57028.333300
23333.888900 58578.055600
23341.944400 57311.388900
23341.944400 58581.111100
23344.166700 58093.055600
23344.166700 58551.666700
23350.000000 57026.666700
23351.666700 58016.944400
23352.500000 58722.222200
23354.722200 56354.722200
23355.000000 57632.500000
23355.833300 58038.333300
23356.111100 58047.777800
23359.166700 58579.166700
23360.555600 57653.333300
23366.111100 58532.777800
23366.666700 58050.000000
23368.055600 57308.611100
23370.000000 58109.444400
23371.388900 58640.555600
23372.500000 56949.722200
23373.055600 57972.777800
23373.611100 58143.333300
23374.444400 56961.944400
23374.444400 58088.888900
23375.833300 58515.000000
23376.666700 57822.500000
23378.333300 57188.333300
23378.888900 56877.500000
23380.000000 57662.777800
23381.944400 57013.888900
23381.944400 57660.833300
23383.333300 56918.888900
23383.333300 57210.833300
23384.722200 56870.555600
23385.277800 57021.388900
23386.388900 57422.222200
23386.944400 58100.277800
23388.055600 57035.833300
23388.611100 56914.444400
23389.166700 57837.222200
23389.444400 57662.777800
23389.722200 57313.888900
23390.833300 57216.666700
23390.833300 57424.444400
23391.111100 57431.388900
23392.222200 58752.777800
23392.777800 56985.277800
23392.777800 57435.000000
23393.333300 57032.500000
23394.444400 57831.388900
23395.833300 56984.444400
23396.388900 57767.222200
23397.222200 57243.333300
23397.500000 57216.666700
23398.055600 58522.777800
23398.611100 58137.777800
23399.444400 56997.500000
23399.444400 57663.055600
23399.722200 58516.388900
23400.000000 56860.000000
23400.277800 57416.944400
23400.833300 57178.611100
23401.944400 56283.055600
23403.333300 56887.222200
23406.388900 58126.388900
23406.666700 57170.833300
23409.722200 57115.833300
23412.222200 58090.000000
23412.500000 57305.277800
23412.500000 58131.111100
23416.388900 57426.666700
23416.388900 58135.555600
23416.666700 56783.333300
23416.666700 58100.000000
23417.222200 56277.777800
23417.500000 57429.722200
23417.500000 58146.944400
23418.611100 57347.500000
23418.888900 57811.666700
23419.444400 57130.555600
23421.111100 56724.166700
23421.388900 57151.111100
23422.222200 56246.388900
23423.333300 56762.500000
23424.722200 57163.611100
23425.000000 57432.777800
23425.555600 58095.000000
23426.666700 57123.888900
23429.722200 57302.500000
23430.000000 58131.111100
23431.388900 56626.666700
23431.388900 58552.222200
23431.666700 57440.555600
23432.500000 57635.000000
23433.055600 57318.611100
23433.333300 56633.333300
23433.888900 58117.777800
23435.277800 56741.111100
23435.277800 57046.944400
23435.277800 58562.500000
23435.555600 56234.722200
23435.555600 58781.111100
23438.055600 57671.111100
23439.722200 58208.333300
23440.000000 57320.555600
23440.833300 57118.888900
23441.388900 56228.611100
23443.611100 58097.777800
23444.166700 57700.277800
23444.166700 58127.777800
23444.444400 57653.888900
23444.444400 57804.444400
23445.277800 57321.666700
23445.833300 57632.777800
23447.222200 57661.666700
23447.500000 56222.222200
23449.166700 56220.000000
23449.722200 57114.722200
23450.000000 56783.333300
23450.000000 56883.333300
23450.000000 57600.000000
23450.000000 58583.333300
23450.277800 58218.333300
23450.833300 56208.333300
23450.833300 58112.777800
23455.000000 57312.777800
23455.000000 57662.777800
23455.555600 57592.222200
23455.833300 57033.611100
23455.833300 57888.333300
23455.833300 58304.722200
23456.111100 58103.055600
23457.222200 57085.555600
23458.333300 58298.333300
23458.611100 58225.833300
23459.722200 57311.111100
23460.000000 57314.166700
23461.388900 57665.000000
23462.222200 57308.611100
23462.500000 57674.444400
23462.777800 58297.777800
23463.333300 58301.666700
23464.722200 57453.055600
23464.722200 58268.333300
23465.277800 57274.166700
23465.277800 57310.000000
23465.555600 57666.111100
23465.833300 56794.444400
23466.666700 56650.000000
23467.500000 58101.388900
23467.777800 57308.333300
23468.055600 57660.833300
23468.888900 58276.944400
23471.666700 57299.722200
23471.666700 58674.444400
23471.944400 56656.111100
23473.055600 56888.611100
23474.166700 57019.722200
23474.444400 57166.944400
23477.500000 57169.444400
23478.055600 57442.777800
23479.722200 58085.000000
23481.388900 57287.222200
23482.222200 58328.055600
23483.333300 57116.666700
23483.333300 57600.000000
23483.888900 57594.444400
23484.166700 57306.388900
23484.444400 57687.222200
23484.722200 58347.500000
23486.111100 58200.277800
23487.777800 58104.444400
23488.055600 57918.611100
23490.555600 58045.277800
23490.833300 57453.888900
23492.222200 57006.111100
23492.777800 57949.444400
23492.777800 58042.222200
23493.055600 57014.166700
23493.055600 57115.000000
23495.555600 58501.666700
23496.111100 56830.555600
23496.111100 57830.833300
23500.000000 56483.333300
23500.000000 56516.666700
23501.388900 58732.500000
23505.000000 57189.166700
23506.388900 56465.000000
23507.500000 57918.611100
23507.777800 57552.500000
23508.055600 56451.111100
23508.333300 58646.944400
23510.833300 58338.611100
23512.222200 57844.722200
23512.777800 57367.222200
23514.722200 58700.277800
23516.666700 56500.000000
23516.666700 56916.666700
23516.666700 58350.000000
23518.611100 57224.166700
23520.000000 57486.944400
23524.166700 58497.500000
23524.722200 58506.666700
23525.833300 58185.555600
23526.666700 58665.000000
23527.500000 57330.833300
23528.333300 58333.611100
23529.444400 58388.611100
23530.000000 56312.222200
23530.555600 57190.555600
23531.388900 58381.666700
23531.666700 58389.444400
23533.333300 58516.666700
23534.166700 58342.500000
23535.555600 56325.277800
23535.833300 56546.666700
23536.388900 58401.388900
23537.777800 57469.444400
23539.166700 58188.611100
23540.277800 56695.000000
23541.111100 56303.333300
23541.111100 56372.777800
23541.666700 58405.277800
23545.000000 57212.777800
23546.388900 56363.055600
23547.500000 57333.611100
23548.055600 56244.722200
23548.333300 56360.277800
23548.333300 56781.111100
23549.722200 58404.444400
23550.000000 57233.333300
23550.277800 56356.944400
23550.277800 58022.222200
23550.833300 56257.500000
23551.388900 57447.222200
23551.388900 57473.611100
23551.388900 58642.777800
23551.666700 58409.722200
23552.500000 56280.833300
23554.166700 57230.555600
23559.444400 57338.888900
23561.111100 58630.000000
23561.388900 57556.666700
23563.055600 57444.166700
23563.611100 58250.000000
23564.166700 56531.944400
23565.000000 57182.777800
23565.833300 56267.500000
23567.777800 58123.333300
23570.000000 58613.888900
23572.777800 57444.722200
23575.277800 57207.222200
23575.277800 58032.222200
23575.555600 58548.055600
23576.666700 57214.166700
23581.388900 56645.833300
23585.555600 56540.833300
23588.611100 58560.555600
23589.166700 58405.555600
23590.555600 58550.000000
23593.888900 58601.666700
23595.000000 57993.055600
23596.111100 58596.666700
23598.055600 57241.111100
23600.000000 58516.666700
23600.000000 58533.333300
23600.555600 58376.388900
23603.333300 58501.666700
23603.333300 58554.722200
23604.166700 58596.944400
23606.111100 55931.111100
23607.222200 55958.611100
23610.833300 57138.611100
23611.111100 57251.944400
23611.111100 58456.944400
23612.500000 55969.722200
23612.777800 58564.444400
23613.333300 58593.333300
23614.166700 58250.555600
23614.444400 58538.888900
23616.388900 56956.944400
23616.666700 58566.666700
23617.222200 58566.944400
23619.444400 57266.666700
23619.722200 58578.888900
23620.000000 58590.277800
23621.111100 56939.166700
23622.777800 56487.777800
23622.777800 58550.833300
23626.944400 56952.777800
23629.166700 58525.555600
23630.833300 58543.611100
23631.944400 56443.611100
23632.777800 58248.055600
23632.777800 58561.666700
23633.333300 56800.000000
23636.666700 56804.444400
23636.944400 57117.222200
23639.722200 57193.055600
23643.888900 56644.444400
23650.000000 57090.000000
23652.500000 57216.666700
23652.500000 57893.888900
23654.444400 56333.611100
23657.222200 57157.777800
23665.000000 56926.111100
23666.111100 56372.500000
23666.666700 56366.666700
23667.222200 56241.944400
23675.833300 58141.944400
23678.888900 57068.888900
23680.277800 58182.500000
23680.555600 56542.777800
23683.333300 56900.000000
23687.222200 56255.555600
23687.500000 57983.611100
23687.777800 56551.388900
23688.055600 56755.555600
23690.000000 58106.111100
23696.388900 56265.277800
23698.611100 58037.222200
23700.000000 56266.666700
23700.000000 57024.722200
23700.555600 58036.388900
23701.388900 56510.833300
23701.944400 56752.222200
23702.777800 58070.555600
23703.055600 56908.055600
23704.166700 57932.222200
23705.555600 58015.000000
23706.666700 57905.555600
23708.888900 57605.277800
23709.166700 57886.944400
23711.666700 57802.222200
23712.500000 57834.166700
23715.833300 57783.055600
23716.111100 56888.611100
23716.111100 56905.000000
23716.666700 56900.000000
23718.333300 55506.944400
23718.611100 57760.277800
23720.277800 57035.000000
23720.277800 57857.222200
23721.388900 56904.722200
23725.555600 55528.888900
23727.500000 57744.166700
23733.333300 56766.666700
23733.333300 57750.000000
23733.333300 57833.333300
23736.944400 57044.166700
23739.722200 57680.833300
23740.555600 57734.722200
23746.944400 57620.277800
23748.055600 55550.555600
23749.722200 57564.444400
23750.000000 56966.666700
23751.388900 56228.888900
23752.222200 56213.888900
23752.500000 56683.611100
23754.722200 56928.333300
23756.944400 57652.222200
23759.722200 57022.777800
23760.000000 56779.166700
23762.222200 57114.722200
23762.500000 56679.722200
23763.333300 57651.666700
23764.166700 56795.277800
23764.444400 56661.111100
23766.666700 57550.000000
23766.944400 56849.444400
23767.777800 56670.000000
23768.611100 56649.444400
23769.166700 56630.000000
23769.166700 57765.277800
23770.833300 57647.222200
23771.111100 57634.722200
23771.111100 57676.944400
23774.166700 57618.333300
23774.722200 57639.722200
23778.055600 57644.166700
23779.722200 56621.111100
23779.722200 57148.333300
23780.277800 57635.277800
23783.333300 56600.000000
23783.333300 57033.333300
23783.611100 56718.611100
23783.888900 57037.222200
23784.166700 57616.388900
23784.722200 57522.222200
23786.388900 57612.777800
23788.333300 57604.722200
23790.555600 57537.222200
23790.833300 56873.055600
23791.388900 57111.111100
23792.222200 56695.277800
23793.611100 57588.055600
23796.111100 57495.833300
23796.666700 57502.500000
23796.944400 57159.166700
23800.000000 56766.666700
23802.222200 57476.944400
23802.500000 57399.166700
23803.055600 57490.833300
23805.277800 57141.666700
23808.333300 57549.166700
23808.611100 56771.388900
23809.444400 56982.222200
23814.722200 56613.055600
23816.388900 57471.388900
23818.611100 56396.388900
23820.277800 56608.611100
23820.277800 57120.000000
23824.166700 57508.611100
23825.277800 57413.055600
23825.277800 57484.722200
23828.055600 57451.111100
23829.722200 57355.555600
23831.111100 56629.166700
23831.111100 57475.000000
23833.333300 57491.388900
23833.333300 57500.000000
23833.611100 57355.000000
23833.611100 57448.055600
23838.888900 57097.777800
23839.444400 57428.333300
23840.833300 56343.611100
23843.333300 56782.500000
23844.444400 56565.833300
23844.444400 57382.222200
23846.666700 56189.722200
23849.444400 57438.611100
23850.000000 56683.333300
23850.000000 57400.000000
23850.277800 57359.166700
23850.277800 57433.055600
23853.333300 57426.666700
23853.888900 57361.944400
23855.277800 56556.111100
23855.277800 57382.500000
23856.111100 56349.722200
23856.666700 57413.611100
23857.500000 57373.888900
23858.611100 57338.055600
23859.166700 57397.777800
23860.000000 57406.666700
23860.277800 56641.666700
23860.277800 57359.166700
23861.666700 56374.166700
23862.500000 57393.333300
23867.222200 57373.611100
23870.555600 57362.500000
23870.833300 56908.888900
23875.833300 56412.500000
23878.333300 56376.111100
23879.166700 56382.222200
23879.166700 57340.555600
23881.111100 57263.611100
23881.111100 57335.555600
23883.333300 56650.000000
23883.333300 57300.000000
23883.333300 57316.666700
23883.888900 56420.833300
23884.166700 56536.666700
23888.888900 56734.444400
23890.000000 57299.444400
23894.444400 56444.444400
23895.277800 57236.111100
23895.555600 57281.666700
23896.388900 56565.000000
23897.500000 57276.666700
23899.722200 57270.555600
23900.000000 56400.000000
23900.000000 57266.666700
23902.500000 56523.333300
23904.444400 57250.833300
23906.666700 57249.722200
23907.500000 56405.555600
23908.333300 57245.555600
23915.833300 56714.166700
23916.666700 56666.666700
23916.666700 57216.666700
23918.055600 56729.722200
23918.055600 57021.111100
23919.444400 56565.833300
23919.444400 56756.388900
23920.833300 56553.333300
23920.833300 56694.722200
23924.166700 56233.611100
23924.166700 56402.500000
23927.222200 56411.388900
23927.777800 57169.166700
23929.166700 56392.777800
23932.500000 56195.000000
23932.777800 56550.555600
23933.055600 56347.777800
23933.333300 56233.333300
23933.333300 57183.333300
23933.888900 56420.000000
23940.277800 56564.444400
23943.333300 57122.222200
23944.166700 57160.833300
23946.111100 56390.833300
23947.500000 55819.722200
23949.166700 57149.444400
23955.833300 56438.888900
23958.888900 57107.777800
23963.888900 57127.500000
23964.444400 57074.444400
23968.611100 57075.277800
23970.277800 57078.888900
23972.500000 55828.888900
23973.888900 55843.611100
23979.722200 55836.111100
23981.111100 57104.444400
23983.611100 56410.000000
23984.166700 56489.722200
23984.722200 56494.166700
23985.833300 57073.333300
23987.777800 55823.888900
23988.333300 56485.833300
23991.111100 57093.333300
23993.055600 56650.555600
24000.000000 55983.333300
24000.000000 56250.000000
24003.611100 57079.722200
24004.166700 56976.944400
24004.444400 56510.555600
24007.500000 56741.388900
24011.666700 56696.111100
24012.222200 57069.444400
24015.000000 56752.777800
24016.111100 57061.666700
24016.666700 56250.000000
24016.666700 56466.666700
24016.666700 57083.333300
24023.888900 57053.055600
24033.333300 56100.000000
24033.333300 56150.000000
24033.333300 56166.666700
24033.333300 56216.666700
24037.500000 57037.222200
24045.277800 56783.611100
24048.888900 56566.944400
24050.000000 56166.666700
24051.944400 57015.000000
24054.444400 57011.111100
24057.222200 57006.666700
24061.944400 57000.000000
24066.666700 56383.333300
24066.666700 56416.666700
24072.222200 56781.666700
24074.166700 56984.444400
24074.444400 56945.833300
24079.444400 56978.333300
24083.333300 56116.666700
24083.333300 56250.000000
24083.333300 56466.666700
24090.555600 56964.722200
24100.000000 56116.666700
24100.000000 56416.666700
24100.000000 56433.333300
24100.000000 56450.000000
24111.388900 56941.111100
24117.222200 56800.000000
24122.222200 56928.611100
24133.333300 56200.000000
24133.333300 56216.666700
24136.666700 56878.611100
24142.222200 56910.277800
24150.000000 56400.000000
24150.000000 56416.666700
24150.000000 56433.333300
24157.222200 56838.888900
24158.611100 56898.333300
24164.166700 56893.888900
24166.666700 56900.000000
24168.611100 56886.666700
24169.444400 56864.444400
24172.222200 56888.611100
24173.333300 55960.000000
24174.166700 56861.666700
24180.277800 56815.000000
24183.333300 56300.000000
24183.333300 56316.666700
24187.777800 56861.111100
24191.111100 56876.388900
24196.111100 56874.166700
24200.000000 56233.333300
24200.000000 56250.000000
24200.000000 56266.666700
24200.000000 56350.000000
24200.000000 56883.333300
24201.111100 55958.611100
24206.388900 56850.000000
24210.555600 56861.111100
24215.833300 56827.500000
24216.666700 56333.333300
24216.666700 56350.000000
24222.222200 56831.666700
24223.611100 56850.555600
24227.777800 56847.222200
24235.833300 56825.277800
24238.611100 55767.777800
24242.222200 56835.277800
24248.611100 55959.722200
24249.166700 55758.888900
24250.000000 55750.000000
24250.000000 55783.888900
24250.000000 56316.666700
24251.944400 55848.055600
24255.833300 55772.222200
24266.666700 56150.000000
24266.666700 56366.666700
24272.500000 56814.166700
24284.166700 56805.555600
24300.000000 56116.666700
24306.388900 56790.277800
24315.833300 56784.166700
24316.666700 56116.666700
24316.666700 56133.333300
24317.777800 56782.222200
24330.000000 56513.055600
24334.722200 56770.000000
24340.833300 56765.555600
24346.666700 56760.833300
24350.000000 56366.666700
24354.722200 56754.166700
24356.666700 55997.777800
24364.166700 56718.611100
24366.666700 56033.333300
24366.666700 56083.333300
24366.666700 56316.666700
24366.666700 56333.333300
24366.666700 56350.000000
24366.666700 56416.666700
24368.888900 56743.888900
24371.388900 55924.444400
24376.388900 56738.055600
24383.333300 56033.333300
24383.333300 56050.000000
24383.333300 56316.666700
24394.722200 56690.000000
24395.555600 56725.277800
24395.833300 56670.277800
24399.444400 55969.722200
24400.000000 56033.333300
24401.666700 56576.111100
24411.111100 56704.722200
24415.555600 56701.388900
24416.111100 56582.222200
24416.666700 56700.000000
24422.222200 56691.944400
24428.055600 56611.111100
24433.333300 56050.000000
24434.166700 56678.055600
24435.555600 56646.388900
24440.277800 56672.777800
24444.166700 56648.611100
24446.111100 56633.055600
24449.444400 55909.722200
24450.000000 56283.333300
24450.000000 56566.666700
24456.388900 56653.611100
24466.666700 56066.666700
24466.666700 56333.333300
24469.166700 56603.611100
24479.166700 56595.000000
24483.333300 56066.666700
24492.222200 56586.666700
24495.555600 56588.611100
24498.888900 56577.777800
24500.277800 55970.555600
24500.277800 55990.000000
24508.611100 56445.277800
24510.555600 56458.333300
24514.166700 56359.444400
24516.666700 56566.666700
24522.222200 56277.500000
24522.777800 56399.444400
24525.000000 56597.222200
24529.166700 56293.611100
24533.333300 56083.333300
24534.444400 56278.611100
24536.111100 56565.555600
24540.277800 56564.722200
24548.888900 56101.388900
24548.888900 56105.277800
24550.000000 55983.333300
24550.000000 56566.666700
24553.055600 56151.944400
24555.555600 55843.055600
24564.444400 55985.277800
24573.333300 56016.944400
24577.500000 56560.277800
24580.833300 56390.000000
24582.777800 56556.388900
24590.833300 56550.000000
24595.555600 56547.222200
24605.277800 56541.666700
24612.500000 56537.777800
24617.222200 56026.944400
24621.944400 56019.444400
24623.888900 56522.777800
24629.166700 56077.222200
24632.222200 56528.055600
24633.055600 56287.777800
24636.111100 56526.111100
24642.500000 56521.666700
24656.666700 56115.555600
24656.666700 56515.277800
24659.166700 56494.166700
24659.722200 56512.777800
24666.666700 55929.166700
24666.944400 56050.277800
24669.722200 56488.055600
24671.666700 56505.277800
24694.444400 56163.611100
24694.444400 56467.777800
24701.388900 56288.055600
24714.444400 56457.500000
24723.611100 56181.944400
24725.000000 56455.277800
24743.333300 56465.833300
24750.000000 56466.666700
24751.666700 56178.888900
24752.500000 56456.111100
24758.333300 56173.611100
24760.555600 56172.500000
24762.777800 56168.888900
24767.222200 56220.277800
24777.777800 56289.722200
24794.722200 56011.111100
24795.833300 56447.222200
24800.000000 56233.333300
24808.888900 56438.888900
24825.833300 56433.333300
24841.666700 56417.222200
24854.444400 56403.333300
24870.277800 56325.277800
24880.277800 56408.055600
24908.055600 56298.888900
24931.944400 56385.000000
24975.833300 56365.555600
25616.388900 56233.888900
25618.888900 56246.111100
25635.555600 56265.555600
25636.388900 56166.944400
25641.944400 56165.833300
25646.111100 56164.444400
25649.722200 56177.222200
25653.055600 56179.166700
25655.555600 56268.611100
25656.388900 56262.222200
25657.222200 56187.777800
25663.888900 56171.111100
25665.833300 56166.388900
25672.777800 56176.944400
25674.444400 56264.166700
25679.444400 56188.611100
25698.611100 56208.055600
25700.833300 56273.055600
25718.055600 56226.666700
25719.722200 56206.944400
25742.222200 56287.222200
25753.055600 56172.500000
25757.500000 56319.444400
25766.666700 56150.000000
25768.333300 56196.944400
25770.555600 56216.111100
25770.555600 56275.555600
25775.000000 56280.277800
25776.388900 56151.666700
25777.500000 56244.444400
25778.333300 56196.111100
25783.611100 56150.555600
25785.833300 56333.055600
25790.555600 56247.222200
25791.944400 56219.166700
25793.333300 56148.333300
25793.888900 56205.833300
25809.444400 56248.888900
25809.444400 56359.444400
25810.555600 56241.388900
25811.388900 56316.944400
25813.888900 56305.555600
25815.833300 56311.944400
25822.777800 56286.388900
25838.888900 56341.666700
25843.055600 56326.666700
25843.888900 56248.611100
25848.333300 56171.666700
25857.777800 56286.111100
25858.611100 56367.222200
25860.277800 56371.666700
25861.666700 56377.500000
25863.055600 56218.611100
25875.833300 56173.055600
25878.333300 56178.055600
25889.444400 56345.833300
25899.722200 56183.888900
25932.777800 56408.611100
25934.722200 56198.333300
25941.666700 56425.277800
25944.166700 56413.333300
25969.722200 56400.277800
25977.222200 56330.000000
26004.444400 56267.500000
26008.055600 56204.722200
26008.333300 56274.722200
26009.722200 56217.222200
26010.000000 56205.833300
26013.888900 56406.388900
26016.666700 56245.000000
26017.500000 56393.055600
26018.611100 56220.000000
26023.888900 56385.277800
26026.111100 56227.500000
26028.333300 56360.833300
26030.277800 56209.444400
26031.944400 56228.055600
26032.777800 56352.500000
26032.777800 56387.500000
26034.166700 56279.444400
26035.277800 56197.777800
26039.166700 56345.000000
26039.444400 56388.333300
26040.000000 56360.277800
26045.000000 56247.222200
26045.000000 56329.166700
26048.611100 56195.277800
26048.611100 56219.722200
26048.888900 56296.666700
26050.000000 56377.222200
26051.944400 56378.888900
26055.277800 56270.833300
26056.111100 56368.055600
26058.611100 56172.222200
26064.444400 56305.555600
26065.833300 56241.666700
26069.444400 56155.555600
26069.722200 56207.222200
26071.111100 56109.722200
26072.500000 56164.722200
26074.166700 56215.000000
26077.500000 56189.722200
26077.500000 56343.333300
26077.777800 56192.222200
26081.388900 56166.388900
26081.666700 56187.222200
26082.777800 56288.611100
26082.777800 56343.611100
26083.055600 56410.277800
26083.333300 56332.222200
26085.277800 56438.333300
26085.555600 56264.722200
26085.555600 56337.777800
26086.944400 56379.444400
26089.722200 56168.333300
26089.722200 56184.722200
26089.722200 56204.444400
26091.111100 56170.277800
26092.777800 56211.388900
26092.777800 56399.722200
26093.333300 56175.277800
26093.333300 56182.222200
26093.611100 56230.833300
26093.888900 56202.222200
26093.888900 56226.666700
26093.888900 56365.277800
26095.000000 56259.444400
26096.111100 56239.166700
26096.944400 56195.277800
26097.777800 56329.444400
26099.444400 56145.833300
26101.666700 56149.722200
26102.777800 56210.000000
26105.277800 56298.888900
26105.555600 56156.944400
26105.833300 56331.666700
26106.944400 56150.555600
26109.166700 56128.055600
26115.555600 56186.388900
26118.055600 56260.833300
26119.166700 56336.111100
26120.277800 56183.055600
26120.833300 56183.055600
26124.444400 56313.611100
26125.555600 56132.777800
26126.111100 56187.500000
26127.222200 56183.888900
26129.444400 56229.722200
26129.444400 56315.277800
26129.722200 56188.888900
26130.277800 56203.611100
26130.555600 56230.555600
26131.388900 56231.388900
26134.444400 56240.277800
26134.722200 56193.611100
26136.666700 56188.333300
26139.444400 56218.333300
26143.055600 56152.777800
26145.277800 56286.666700
26146.388900 56291.111100
26148.611100 56270.555600
26149.166700 56305.833300
26151.388900 56223.888900
26151.666700 56276.666700
26151.944400 56327.777800
26153.611100 56261.666700
26155.833300 56418.333300
26158.611100 56202.777800
26160.833300 56328.055600
26161.388900 56246.111100
26161.944400 56437.500000
26162.222200 56170.277800
26165.000000 56335.833300
26165.277800 56277.777800
26167.500000 56231.388900
26170.555600 56209.444400
26171.111100 56207.777800
26172.500000 56179.722200
26174.166700 56276.388900
26176.388900 56226.944400
26177.500000 56268.611100
26177.777800 56216.111100
26179.166700 56256.111100
26179.166700 56275.555600
26180.555600 56316.944400
26183.333300 56300.000000
26184.444400 56327.500000
26187.777800 56418.055600
26189.166700 56279.166700
26189.444400 56358.888900
26191.666700 56243.611100
26192.222200 56223.333300
26195.000000 56435.277800
26195.555600 56474.166700
26196.388900 56279.444400
26197.777800 56257.777800
26197.777800 56285.000000
26198.333300 56373.055600
26201.666700 56215.277800
26203.333300 56441.388900
26207.500000 56275.277800
26208.055600 56418.888900
26208.888900 56212.777800
26209.166700 56219.444400
26217.500000 56185.833300
26218.055600 56458.611100
26219.722200 56340.000000
26228.055600 56215.277800
26231.666700 56410.000000
26231.944400 56205.555600
26239.722200 56317.500000
26242.777800 56383.055600
26247.777800 56368.888900
26250.277800 56351.388900
26252.222200 56374.444400
26260.277800 56393.611100
26275.277800 56369.722200
26280.555600 56357.222200
26283.333300 56395.000000
26293.333300 56419.166700
26309.444400 56417.777800
26310.555600 56357.222200
26310.833300 56413.333300
26310.833300 56440.833300
26312.222200 56450.000000
26317.222200 56500.833300
26333.333300 56367.777800
26336.944400 56410.833300
26343.611100 56379.722200
26371.388900 56358.611100
