9352
24748.333300 50840.000000
24758.888900 51211.944400
24827.222200 51394.722200
24904.444400 51175.000000
24996.111100 51548.888900
25010.000000 51039.444400
25030.833300 51275.277800
25067.777800 51077.500000
25100.000000 51516.666700
25103.333300 51521.666700
25121.944400 51218.333300
25150.833300 51537.777800
25158.333300 51163.611100
25162.222200 51220.833300
25167.777800 51606.944400
25168.888900 51086.388900
25173.888900 51269.444400
25210.833300 51394.166700
25211.388900 51619.166700
25214.166700 50807.222200
25214.444400 51378.888900
25223.333300 51451.666700
25224.166700 51174.444400
25233.333300 51333.333300
25234.166700 51203.055600
25235.555600 51330.000000
25235.555600 51495.555600
25242.777800 51428.888900
25243.055600 51452.500000
25252.500000 51559.166700
25253.888900 51535.277800
25253.888900 51549.722200
25256.944400 51398.888900
25263.611100 51516.388900
25265.833300 51545.277800
25266.666700 50969.166700
25266.666700 51483.333300
25270.555600 51532.777800
25270.833300 51505.833300
25270.833300 51523.055600
25275.833300 51533.611100
25277.222200 51547.777800
25278.333300 51525.555600
25278.333300 51541.388900
25279.166700 51445.555600
25281.111100 51535.000000
25281.388900 51512.500000
25283.333300 51533.333300
25283.611100 51546.666700
25284.722200 51555.277800
25286.111100 51504.166700
25286.111100 51534.166700
25286.666700 51533.333300
25287.500000 51537.777800
25288.055600 51546.666700
25290.833300 51528.333300
25291.944400 51424.444400
25292.500000 51520.833300
25298.611100 51001.666700
25300.833300 51394.444400
25306.944400 51507.777800
25311.944400 51003.055600
25313.888900 50883.333300
25315.277800 51438.611100
25316.666700 50766.666700
25320.555600 51495.555600
25322.500000 51507.777800
25325.277800 51470.000000
25326.666700 51350.277800
25337.500000 51425.000000
25339.166700 51173.333300
25340.555600 51293.611100
25341.944400 51507.500000
25358.888900 51333.611100
25363.611100 51281.111100
25368.611100 51226.388900
25374.444400 51436.666700
25377.777800 51294.722200
25396.944400 51422.500000
25400.000000 51183.333300
25400.000000 51425.000000
25404.722200 51073.055600
25416.944400 51403.888900
25416.944400 51457.777800
25419.444400 50793.611100
25429.722200 50785.833300
25433.333300 51220.000000
25440.833300 51378.055600
25444.444400 50958.333300
25451.388900 50925.000000
25459.166700 51316.666700
25469.722200 51397.500000
25478.055600 51362.500000
25480.555600 50938.888900
25483.333300 51383.333300
25490.555600 51373.611100
25492.222200 51400.277800
25495.000000 50846.666700
25495.000000 50965.277800
25497.500000 51485.277800
25500.833300 50980.555600
25510.555600 51242.222200
25531.944400 51304.444400
25533.333300 50977.222200
25538.888900 51408.333300
25545.833300 51387.500000
25549.722200 51431.944400
25550.000000 51433.333300
25560.277800 51158.611100
25566.944400 51484.722200
25567.500000 50958.888900
25574.722200 51486.388900
25585.555600 51151.388900
25609.444400 51092.222200
25610.277800 51475.277800
25622.500000 51454.444400
25645.833300 51450.000000
25650.000000 51372.222200
25666.944400 51174.444400
25683.888900 51505.833300
25686.388900 51468.888900
25696.111100 51260.833300
25700.833300 51584.722200
25708.333300 51591.666700
25716.666700 51050.000000
25717.500000 51057.777800
25723.055600 51004.166700
25734.722200 51547.500000
25751.111100 51449.166700
25751.944400 50920.833300
25758.333300 51395.833300
25765.277800 51019.722200
25772.222200 51483.333300
25775.833300 51023.055600
25779.166700 51449.722200
25793.333300 51409.444400
25808.333300 51060.555600
25816.666700 51133.333300
25823.611100 51152.500000
25826.666700 51043.888900
25829.722200 51245.277800
25833.333300 51072.222200
25839.166700 51465.277800
25847.777800 51205.833300
25850.000000 51033.333300
25856.666700 51083.333300
25857.500000 51298.888900
25857.500000 51441.388900
25866.666700 51066.666700
25867.777800 51205.555600
25871.944400 51354.722200
25872.500000 51258.333300
25880.833300 51221.388900
25883.055600 51185.277800
25888.055600 51386.388900
25900.000000 51000.000000
25904.166700 51201.666700
25928.333300 51337.500000
25937.500000 51313.333300
25944.722200 51456.388900
25950.000000 51066.666700
25951.666700 51349.722200
25957.777800 51075.277800
25958.333300 51099.444400
25966.666700 51283.333300
25983.333300 51400.000000
25983.611100 51328.055600
26000.277800 51294.444400
26008.611100 51083.611100
26016.666700 51333.333300
26021.666700 51366.944400
26033.333300 51116.666700
26033.333300 51166.666700
26033.611100 51163.888900
26033.611100 51200.277800
26048.888900 51056.944400
26050.000000 51250.000000
26050.277800 51297.500000
26050.555600 51135.833300
26055.000000 51316.111100
26067.222200 51258.611100
26074.722200 51083.611100
26076.666700 51166.944400
26077.222200 51222.222200
26078.055600 51361.666700
26083.611100 51147.222200
26099.722200 51161.111100
26108.055600 51244.722200
26116.666700 51216.666700
26123.611100 51169.166700
26123.611100 51222.777800
26133.333300 51216.666700
26133.333300 51300.000000
26150.277800 51108.055600
