50
907.000000 392.000000
836.000000 573.000000
890.000000 329.000000
963.000000 499.000000
44.000000 391.000000
866.000000 543.000000
113.000000 494.000000
406.000000 488.000000
287.000000 231.000000
579.000000 195.000000
458.000000 215.000000
409.000000 368.000000
332.000000 491.000000
846.000000 448.000000
522.000000 416.000000
823.000000 536.000000
613.000000 126.000000
751.000000 458.000000
446.000000 280.000000
45.000000 191.000000
242.000000 126.000000
540.000000 508.000000
582.000000 338.000000
312.000000 396.000000
380.000000 258.000000
609.000000 417.000000
938.000000 393.000000
561.000000 415.000000
635.000000 55.000000
211.000000 138.000000
589.000000 429.000000
709.000000 214.000000
886.000000 194.000000
474.000000 302.000000
834.000000 261.000000
632.000000 539.000000
239.000000 405.000000
131.000000 523.000000
334.000000 405.000000
114.000000 264.000000
76.000000 510.000000
658.000000 481.000000
658.000000 172.000000
440.000000 210.000000
731.000000 540.000000
771.000000 56.000000
640.000000 488.000000
663.000000 36.000000
530.000000 440.000000
387.000000 527.000000
