79114
30133.333300 57633.333300
30166.666700 57100.000000
30233.333300 57583.333300
30250.000000 56850.000000
30250.000000 56950.000000
30250.000000 57583.333300
30300.000000 56966.666700
30316.666700 56816.666700
30400.000000 56466.666700
30400.000000 56783.333300
30433.333300 57433.333300
30466.666700 56550.000000
30483.333300 56516.666700
30500.000000 56450.000000
30500.000000 56666.666700
30550.000000 57866.666700
30566.666700 56883.333300
30600.000000 57683.333300
30616.666700 56900.000000
30633.333300 56166.666700
30683.333300 57033.333300
30683.333300 57516.666700
30716.666700 56600.000000
30733.333300 56733.333300
30733.333300 57316.666700
30750.000000 56750.000000
30783.333300 57783.333300
30833.333300 56750.000000
30866.666700 56366.666700
30900.000000 55516.666700
30916.666700 56300.000000
30933.333300 55483.333300
30933.333300 55550.000000
30950.000000 56650.000000
30966.666700 55550.000000
30966.666700 57533.333300
31000.000000 55683.333300
31000.000000 56250.000000
31016.666700 56566.666700
31033.333300 56600.000000
31033.333300 56883.333300
31083.333300 56016.666700
31083.333300 56516.666700
31083.333300 57016.666700
31083.333300 57516.666700
31083.333300 57600.000000
31083.333300 57833.333300
31100.000000 55666.666700
31100.000000 55983.333300
31100.000000 57016.666700
31116.666700 56466.666700
31166.666700 55750.000000
31166.666700 57000.000000
31166.666700 57083.333300
31183.333300 56283.333300
31183.333300 56933.333300
31200.000000 55750.000000
31200.000000 57233.333300
31216.666700 55666.666700
31216.666700 56316.666700
31233.333300 55633.333300
31233.333300 55883.333300
31233.333300 57116.666700
31250.000000 55333.333300
31250.000000 55950.000000
31250.000000 56833.333300
31250.000000 57166.666700
31250.000000 57200.000000
31283.333300 56433.333300
31300.000000 55866.666700
31300.000000 56016.666700
31300.000000 57066.666700
31300.000000 57100.000000
31300.000000 57133.333300
31300.000000 57150.000000
31300.000000 57200.000000
31300.000000 57700.000000
31316.666700 55200.000000
31333.333300 57800.000000
31333.333300 57833.333300
31333.333300 57883.333300
31350.000000 55383.333300
31350.000000 56633.333300
31350.000000 57783.333300
31350.000000 57800.000000
31350.000000 57983.333300
31366.666700 55083.333300
31366.666700 55666.666700
31366.666700 55850.000000
31383.333300 55866.666700
31383.333300 57966.666700
31400.000000 56366.666700
31400.000000 57783.333300
31416.666700 54916.666700
31416.666700 56683.333300
31433.333300 55233.333300
31450.000000 55416.666700
31450.000000 56383.333300
31466.666700 55166.666700
31466.666700 56833.333300
31483.333300 54833.333300
31500.000000 54716.666700
31500.000000 55166.666700
31500.000000 56033.333300
31500.000000 57116.666700
31516.666700 54966.666700
31516.666700 55766.666700
31516.666700 55966.666700
31516.666700 57533.333300
31516.666700 57583.333300
31533.333300 55583.333300
31533.333300 55833.333300
31533.333300 56050.000000
31550.000000 55550.000000
31550.000000 57950.000000
31566.666700 54550.000000
31583.333300 55466.666700
31583.333300 57616.666700
31600.000000 55850.000000
31600.000000 56750.000000
31616.666700 56816.666700
31633.333300 55000.000000
31633.333300 56916.666700
31650.000000 56833.333300
31666.666700 56166.666700
31666.666700 56633.333300
31666.666700 57916.666700
31683.333300 54650.000000
31683.333300 54766.666700
31683.333300 55433.333300
31683.333300 55950.000000
31683.333300 56133.333300
31683.333300 57683.333300
31700.000000 56100.000000
31716.666700 55333.333300
31733.333300 54416.666700
31733.333300 55983.333300
31750.000000 55016.666700
31750.000000 55466.666700
31750.000000 56066.666700
31766.666700 54800.000000
31766.666700 56016.666700
31766.666700 56250.000000
31783.333300 54333.333300
31783.333300 54750.000000
31783.333300 55150.000000
31783.333300 56250.000000
31800.000000 54716.666700
31800.000000 55333.333300
31800.000000 55700.000000
31800.000000 56133.333300
31816.666700 54666.666700
31816.666700 55183.333300
31816.666700 55216.666700
31816.666700 55500.000000
31816.666700 55916.666700
31816.666700 55966.666700
31833.333300 54166.666700
31833.333300 55766.666700
31833.333300 55933.333300
31833.333300 55983.333300
31833.333300 57250.000000
31850.000000 56000.000000
31866.666700 54200.000000
31866.666700 57283.333300
31883.333300 55433.333300
31883.333300 55966.666700
31883.333300 56000.000000
31883.333300 57333.333300
31883.333300 57483.333300
31883.333300 57516.666700
31900.000000 54150.000000
31900.000000 54783.333300
31900.000000 55133.333300
31900.000000 55466.666700
31900.000000 55883.333300
31916.666700 54733.333300
31916.666700 55933.333300
31916.666700 56016.666700
31916.666700 57250.000000
31916.666700 57716.666700
31950.000000 57883.333300
31966.666700 55050.000000
31966.666700 57516.666700
31983.333300 54166.666700
31983.333300 55683.333300
31983.333300 57416.666700
32000.000000 54133.333300
32000.000000 55483.333300
32000.000000 57166.666700
32000.000000 57300.000000
32000.000000 57583.333300
32016.666700 54200.000000
32016.666700 55066.666700
32016.666700 57333.333300
32016.666700 57466.666700
32033.333300 54183.333300
32033.333300 54566.666700
32033.333300 55666.666700
32033.333300 55783.333300
32050.000000 54633.333300
32050.000000 54866.666700
32050.000000 55383.333300
32066.666700 53766.666700
32066.666700 56350.000000
32083.333300 54250.000000
32083.333300 55650.000000
32083.333300 56866.666700
32083.333300 57916.666700
32100.000000 53750.000000
32100.000000 54866.666700
32100.000000 57416.666700
32100.000000 57816.666700
32116.666700 54066.666700
32116.666700 57566.666700
32150.000000 54200.000000
32150.000000 54883.333300
32150.000000 54950.000000
32150.000000 55050.000000
32150.000000 56116.666700
32166.666700 53750.000000
32166.666700 54116.666700
32166.666700 55016.666700
32166.666700 55950.000000
32183.333300 55033.333300
32183.333300 55283.333300
32183.333300 56066.666700
32200.000000 54066.666700
32200.000000 58000.000000
32216.666700 55600.000000
32216.666700 56016.666700
32233.333300 54983.333300
32233.333300 55733.333300
32233.333300 56500.000000
32250.000000 55750.000000
32250.000000 56516.666700
32250.000000 57300.000000
32266.666700 54916.666700
32266.666700 55900.000000
32283.333300 58050.000000
32300.000000 55333.333300
32321.388900 58075.555600
32333.333300 55883.333300
32333.333300 55966.666700
32333.333300 57050.000000
32333.333300 57800.000000
32333.333300 57933.333300
32333.333300 58133.333300
32350.000000 53833.333300
32350.000000 54133.333300
32350.000000 55833.333300
32350.000000 56550.000000
32350.000000 57200.000000
32366.666700 54183.333300
32366.666700 54766.666700
32366.666700 57850.000000
32366.666700 57983.333300
32383.333300 54350.000000
32383.333300 54666.666700
32383.333300 55066.666700
32383.333300 56683.333300
32383.333300 57500.000000
32383.333300 57600.000000
32400.000000 55350.000000
32400.000000 56716.666700
32400.000000 56900.000000
32416.666700 56166.666700
32416.666700 56333.333300
32416.666700 57383.333300
32416.666700 57583.333300
32416.666700 58150.000000
32433.333300 56350.000000
32450.000000 55033.333300
32450.000000 56033.333300
32466.666700 54316.666700
32466.666700 55233.333300
32466.666700 56166.666700
32483.333300 53516.666700
32483.333300 53716.666700
32483.333300 56350.000000
32483.333300 57750.000000
32500.000000 54016.666700
32500.000000 54416.666700
32500.000000 56033.333300
32516.666700 53483.333300
32516.666700 54533.333300
32516.666700 54583.333300
32516.666700 54683.333300
32516.666700 57750.000000
32533.333300 54566.666700
32533.333300 55500.000000
32533.333300 57133.333300
32566.666700 53416.666700
32566.666700 56883.333300
32566.666700 57366.666700
32566.666700 57483.333300
32583.333300 53383.333300
32600.000000 55583.333300
32616.666700 54600.000000
32616.666700 55833.333300
32616.666700 56483.333300
32633.333300 53300.000000
32633.333300 53900.000000
32633.333300 55116.666700
32633.333300 56350.000000
32633.333300 56750.000000
32650.000000 54250.000000
32650.000000 54450.000000
32666.666700 53616.666700
32666.666700 55450.000000
32683.333300 54633.333300
32683.333300 56883.333300
32683.333300 57633.333300
32683.333300 58133.333300
32700.000000 53966.666700
32716.666700 55600.000000
32716.666700 57466.666700
32750.000000 53483.333300
32750.000000 53733.333300
32750.000000 54400.000000
32750.000000 55650.000000
32750.000000 57750.000000
32766.666700 55433.333300
32766.666700 55633.333300
32766.666700 57783.333300
32766.666700 57883.333300
32783.333300 53833.333300
32783.333300 55900.000000
32800.000000 55800.000000
32800.000000 56416.666700
32800.000000 57050.000000
32816.666700 56516.666700
32833.333300 54766.666700
32833.333300 55483.333300
32833.333300 56183.333300
32833.333300 56433.333300
32833.333300 57716.666700
32850.000000 57683.333300
32866.666700 55916.666700
32866.666700 56466.666700
32883.333300 55416.666700
32883.333300 55516.666700
32883.333300 56800.000000
32900.000000 55233.333300
32900.000000 56083.333300
32900.000000 56133.333300
32916.666700 54966.666700
32916.666700 57733.333300
32933.333300 53950.000000
32933.333300 54266.666700
32933.333300 55516.666700
32933.333300 57116.666700
32933.333300 57650.000000
32950.000000 54216.666700
32966.666700 55400.000000
32983.333300 54583.333300
32983.333300 58050.000000
33000.000000 53633.333300
33000.000000 55133.333300
33000.000000 55783.333300
33016.666700 53700.000000
33016.666700 53950.000000
33016.666700 55050.000000
33016.666700 56483.333300
33033.333300 57000.000000
33050.000000 54066.666700
33050.000000 54150.000000
33050.000000 56483.333300
33066.666700 55850.000000
33083.333300 55966.666700
33083.333300 56183.333300
33083.333300 57433.333300
33100.000000 55133.333300
33100.000000 57633.333300
33100.000000 57733.333300
33116.666700 54816.666700
33116.666700 54833.333300
33116.666700 55983.333300
33132.500000 58295.555600
33133.333300 54933.333300
33133.333300 57150.000000
33150.000000 54150.000000
33166.666700 54966.666700
33166.666700 57583.333300
33183.333300 53900.000000
33183.333300 55700.000000
33183.333300 57466.666700
33200.000000 53800.000000
33200.000000 54750.000000
33200.000000 56783.333300
33216.666700 54383.333300
33216.666700 56683.333300
33233.333300 53850.000000
33233.333300 54383.333300
33233.333300 57133.333300
33250.000000 53900.000000
33250.000000 53916.666700
33250.000000 54016.666700
33250.000000 54333.333300
33250.000000 56016.666700
33250.000000 57333.333300
33255.833300 58019.166700
33266.666700 53783.333300
33266.666700 54416.666700
33266.666700 55100.000000
33266.666700 55116.666700
33283.333300 53933.333300
33300.000000 56350.000000
33333.333300 54783.333300
33333.333300 56466.666700
33333.333300 56933.333300
33333.333300 57950.000000
33350.000000 55616.666700
33350.000000 55633.333300
33366.666700 53666.666700
33366.666700 56483.333300
33383.333300 55083.333300
33383.333300 56416.666700
33383.333300 57550.000000
33400.000000 54683.333300
33400.000000 58316.666700
33413.055600 56500.555600
33416.666700 55633.333300
33416.666700 57066.666700
33450.000000 54533.333300
33450.000000 57733.333300
33466.666700 54200.000000
33466.666700 54650.000000
33466.666700 54666.666700
33466.666700 55116.666700
33466.666700 55200.000000
33466.666700 55616.666700
33483.333300 55150.000000
33483.333300 55566.666700
33483.333300 56150.000000
33483.333300 56483.333300
33500.000000 55216.666700
33500.000000 56750.000000
33500.000000 56866.666700
33516.666700 53783.333300
33516.666700 54916.666700
33516.666700 56400.000000
33516.666700 57833.333300
33533.333300 54433.333300
33533.333300 54600.000000
33533.333300 56900.000000
33533.333300 56933.333300
33538.888900 56888.611100
33544.166700 58197.222200
33550.000000 55666.666700
33550.000000 56900.000000
33566.666700 53850.000000
33583.333300 57300.000000
33583.333300 57583.333300
33583.333300 58083.333300
33600.000000 54316.666700
33600.000000 55333.333300
33600.000000 56350.000000
33600.000000 57133.333300
33600.000000 57983.333300
33616.666700 53716.666700
33616.666700 57633.333300
33616.666700 58283.333300
33650.000000 53800.000000
33650.000000 57533.333300
33666.666700 54200.000000
33683.333300 53450.000000
33683.333300 53550.000000
33683.333300 54650.000000
33683.333300 57566.666700
33716.666700 54533.333300
33716.666700 58083.333300
33716.666700 58266.666700
33733.333300 54750.000000
33733.333300 56333.333300
33733.333300 57833.333300
33750.000000 55283.333300
33750.000000 56466.666700
33750.000000 57483.333300
33750.000000 57616.666700
33766.666700 58350.000000
33800.000000 54000.000000
33800.000000 58250.000000
33816.666700 55550.000000
33816.666700 57550.000000
33833.333300 56300.000000
33850.000000 55166.666700
33850.000000 56883.333300
33850.000000 57016.666700
33850.000000 57683.333300
33866.666700 55550.000000
33866.666700 57000.000000
33866.666700 57516.666700
33866.666700 57616.666700
33883.333300 53500.000000
33883.333300 54716.666700
33883.333300 56450.000000
33883.333300 57383.333300
33883.333300 57400.000000
33883.333300 57666.666700
33883.333300 58416.666700
33900.000000 55150.000000
33900.000000 56833.333300
33916.666700 57783.333300
33933.333300 55266.666700
33933.333300 55683.333300
33933.333300 56250.000000
33933.333300 57466.666700
33933.333300 58166.666700
33950.000000 55850.000000
33950.000000 56750.000000
33950.000000 57900.000000
33950.000000 58233.333300
33966.666700 57100.000000
33966.666700 58283.333300
33983.333300 53983.333300
33983.333300 57900.000000
33983.333300 58150.000000
33983.333300 58250.000000
33989.166700 58285.555600
34000.000000 55666.666700
34000.000000 58250.000000
34016.666700 57650.000000
34033.333300 54283.333300
34033.333300 55650.000000
34033.333300 57833.333300
34033.333300 58133.333300
34050.000000 54783.333300
34050.000000 55883.333300
34050.000000 56200.000000
34066.666700 53933.333300
34066.666700 54500.000000
34066.666700 56300.000000
34066.666700 56383.333300
34066.666700 57350.000000
34066.666700 57716.666700
34083.333300 57383.333300
34095.555600 56214.166700
34100.000000 58000.000000
34116.666700 53950.000000
34133.333300 56400.000000
34150.000000 56950.000000
34152.222200 58012.500000
34153.055600 58176.666700
34166.666700 53833.333300
34166.666700 53850.000000
34166.666700 54666.666700
34166.666700 56683.333300
34183.333300 53783.333300
34183.333300 55733.333300
34183.333300 57933.333300
34189.166700 56339.444400
34200.000000 53933.333300
34200.000000 54750.000000
34200.000000 56216.666700
34200.000000 56983.333300
34200.000000 57100.000000
34200.000000 57783.333300
34200.000000 57866.666700
34216.666700 57000.000000
34233.333300 55733.333300
34233.333300 56866.666700
34250.000000 55933.333300
34250.000000 56683.333300
34266.666700 53933.333300
34266.666700 54316.666700
34266.666700 57450.000000
34283.333300 54983.333300
34283.333300 55233.333300
34283.333300 56216.666700
34283.333300 56916.666700
34283.333300 57616.666700
34290.555600 56388.888900
34300.000000 55966.666700
34300.000000 57233.333300
34300.000000 57733.333300
34316.666700 56800.000000
34316.666700 57000.000000
34316.666700 57216.666700
34316.666700 57350.000000
34319.166700 56805.277800
34333.333300 55450.000000
34333.333300 55650.000000
34333.333300 57233.333300
34333.333300 57716.666700
34337.500000 56713.611100
34350.000000 55766.666700
34350.000000 56650.000000
34350.000000 57300.000000
34350.000000 57433.333300
34350.000000 57850.000000
34351.666700 56398.333300
34366.666700 53766.666700
34366.666700 53833.333300
34366.666700 54066.666700
34366.666700 55166.666700
34366.666700 55516.666700
34366.666700 55783.333300
34366.666700 56400.000000
34366.666700 57050.000000
34366.666700 57066.666700
34366.666700 57566.666700
34370.000000 55225.000000
34382.777800 56541.666700
34383.333300 56283.333300
34383.333300 56383.333300
34383.333300 56766.666700
34400.000000 53783.333300
34400.000000 56333.333300
34400.000000 56533.333300
34400.000000 57166.666700
34400.000000 57333.333300
34400.000000 57666.666700
34400.000000 57883.333300
34411.666700 56402.222200
34416.666700 56466.666700
34416.666700 57283.333300
34416.666700 57733.333300
34419.722200 56422.500000
34433.333300 55983.333300
34433.333300 57416.666700
34433.333300 57716.666700
34433.333300 57883.333300
34442.222200 56443.611100
34449.722200 56079.166700
34450.000000 55783.333300
34450.000000 56166.666700
34450.000000 56250.000000
34450.000000 56283.333300
34450.000000 57600.000000
34453.333300 56390.555600
34466.666700 57716.666700
34466.666700 57850.000000
34483.333300 54333.333300
34483.333300 55633.333300
34483.333300 55650.000000
34483.333300 56850.000000
34497.500000 56037.222200
34500.000000 55583.333300
34500.000000 56383.333300
34516.666700 55250.000000
34519.722200 56798.888900
34521.944400 56393.611100
34522.777800 56277.777800
34533.333300 56300.000000
34533.333300 56316.666700
34550.000000 55883.333300
34566.666700 55700.000000
34583.333300 55833.333300
34583.888900 56699.444400
34589.444400 56252.777800
34600.000000 54550.000000
34600.000000 55483.333300
34600.000000 56133.333300
34605.000000 56356.388900
34633.333300 55616.666700
34633.333300 55966.666700
34633.333300 56333.333300
34633.333300 56619.166700
34646.944400 56062.777800
34650.000000 55233.333300
34650.000000 55866.666700
34650.000000 56600.000000
34650.000000 56716.666700
34650.000000 56750.000000
34665.000000 56219.444400
34666.666700 54166.666700
34666.666700 55266.666700
34666.666700 56000.000000
34683.333300 55683.333300
34683.333300 56733.333300
34698.333300 56217.500000
34700.000000 55900.000000
34715.277800 56073.333300
34716.666700 55416.666700
34716.666700 55533.333300
34716.666700 55950.000000
34726.388900 56220.000000
34733.333300 55266.666700
34733.333300 55716.666700
34733.611100 56036.666700
34742.222200 56098.333300
34750.000000 55333.333300
34750.000000 55683.333300
34761.666700 56223.611100
34762.500000 56020.555600
34763.333300 56385.277800
34764.166700 56213.888900
34766.666700 55750.000000
34781.111100 56053.333300
34790.277800 56350.000000
34800.000000 54916.666700
34800.000000 55233.333300
34800.000000 55366.666700
34800.000000 56216.666700
34800.000000 56233.333300
34801.666700 56334.166700
34803.055600 56085.833300
34813.055600 56044.722200
34816.666700 56100.000000
34816.666700 56183.333300
34828.611100 56139.444400
34833.333300 56116.666700
34833.333300 56216.666700
34833.333300 56233.333300
34850.000000 56083.333300
34850.000000 56116.666700
34850.000000 56216.666700
34850.000000 56233.333300
34858.055600 56170.833300
34860.277800 56052.222200
34866.666700 54866.666700
34866.666700 56166.666700
34870.555600 56133.611100
34875.000000 56258.888900
34877.222200 56029.722200
34883.333300 56150.000000
34883.333300 56183.333300
34883.333300 56200.000000
34883.333300 56216.666700
34883.333300 56233.333300
34885.277800 56060.555600
34900.000000 54950.000000
34900.000000 55283.333300
34900.000000 56100.000000
34900.000000 56133.333300
34900.000000 56150.000000
34900.000000 56183.333300
34905.000000 56168.333300
34905.277800 56194.444400
34908.333300 56208.333300
34909.722200 56152.222200
34922.777800 56159.722200
34966.666700 54950.000000
