95345
15700.000000 30316.666700
16033.333300 28850.000000
16200.000000 31583.333300
16233.333300 31533.333300
16250.000000 31516.666700
16300.000000 29250.000000
16500.000000 29933.333300
16516.666700 28800.000000
16516.666700 29983.333300
16516.666700 31183.333300
16566.666700 31583.333300
16666.666700 29766.666700
16666.666700 30700.000000
16700.000000 31966.666700
16716.666700 30900.000000
16716.666700 32766.666700
16733.333300 29883.333300
16733.333300 31783.333300
16750.000000 30233.333300
16783.333300 31583.333300
16800.000000 31116.666700
16816.666700 28350.000000
16816.666700 29683.333300
16850.000000 29416.666700
16900.000000 29416.666700
16900.000000 29750.000000
16900.000000 30150.000000
16916.666700 30700.000000
16916.666700 31533.333300
16933.333300 31716.666700
16933.333300 32066.666700
16950.000000 29300.000000
16950.000000 30500.000000
16950.000000 31333.333300
16966.666700 32866.666700
17016.666700 31450.000000
17033.333300 30433.333300
17033.333300 30850.000000
17033.333300 30866.666700
17066.666700 28800.000000
17083.333300 28400.000000
17100.000000 28400.000000
17100.000000 32350.000000
17133.333300 29200.000000
17133.333300 30900.000000
17150.000000 28116.666700
17150.000000 30666.666700
17150.000000 32383.333300
17183.333300 28066.666700
17216.666700 32716.666700
17233.333300 31000.000000
17266.666700 30033.333300
17266.666700 31050.000000
17266.666700 31066.666700
17283.333300 31050.000000
17283.333300 31066.666700
17283.333300 32466.666700
17283.333300 32616.666700
17300.000000 31333.333300
17316.666700 30516.666700
17316.666700 31033.333300
17316.666700 31566.666700
17333.333300 28933.333300
17333.333300 31033.333300
17333.333300 32983.333300
17350.000000 30233.333300
17350.000000 31066.666700
17366.666700 30200.000000
17366.666700 30950.000000
17366.666700 31033.333300
17366.666700 31100.000000
17366.666700 32983.333300
17383.333300 30400.000000
17383.333300 30950.000000
17383.333300 31033.333300
17400.000000 32216.666700
17400.000000 32933.333300
17416.666700 28433.333300
17416.666700 30166.666700
17433.333300 32983.333300
17450.000000 28266.666700
17466.666700 28050.000000
17466.666700 30916.666700
17483.333300 27883.333300
17483.333300 27950.000000
17483.333300 27983.333300
17516.666700 30966.666700
17533.333300 27900.000000
17533.333300 30450.000000
17550.000000 28600.000000
17550.000000 31816.666700
17600.000000 31133.333300
17616.666700 27333.333300
17616.666700 27716.666700
17616.666700 32016.666700
17633.333300 30950.000000
17650.000000 30483.333300
17650.000000 31783.333300
17666.666700 30800.000000
17683.333300 29016.666700
17683.333300 31083.333300
17683.333300 31566.666700
17716.666700 30550.000000
17733.055600 31048.055600
17733.333300 31116.666700
17733.333300 31133.333300
17735.277800 30915.277800
17735.555600 30955.277800
17735.555600 31129.166700
17741.111100 31136.111100
17745.000000 31093.333300
17745.555600 30931.388900
17746.111100 30921.944400
17748.333300 31026.944400
17748.611100 31046.111100
17749.166700 31091.666700
17750.000000 30992.222200
17750.277800 31096.666700
17750.555600 31100.000000
17752.500000 31051.666700
17753.055600 31121.388900
17753.611100 30936.666700
17756.388900 31093.055600
17756.666700 31041.944400
17756.666700 31111.944400
17756.944400 31074.166700
17756.944400 31102.500000
17757.222200 31082.222200
17757.777800 30982.777800
17758.888900 31010.555600
17760.277800 31136.666700
17766.666700 30166.666700
17766.666700 30400.000000
17766.944400 31113.333300
17768.055600 31047.500000
17768.333300 31053.611100
17768.611100 31043.611100
17769.166700 31030.555600
17770.000000 30981.388900
17771.666700 31036.944400
17774.166700 31006.388900
17775.000000 31031.111100
17776.666700 31048.611100
17776.666700 31142.777800
17780.000000 31018.611100
17780.555600 31101.944400
17781.388900 31113.611100
17781.944400 31152.222200
17782.500000 31024.166700
17782.500000 31041.666700
17783.333300 30900.000000
17783.333300 31016.666700
17783.333300 31066.666700
17783.333300 31316.666700
17783.888900 31121.666700
17785.000000 31001.944400
17787.777800 31092.500000
17789.444400 31009.166700
17789.722200 31048.333300
17791.388900 31118.055600
17793.611100 31022.500000
17793.611100 31140.277800
17794.166700 31009.166700
17796.388900 31030.555600
17797.777800 30965.555600
17798.055600 31141.111100
17799.166700 30987.500000
17801.666700 31030.833300
17802.222200 31003.333300
17804.722200 31044.166700
17806.111100 30925.277800
17806.666700 31014.166700
17808.055600 31081.666700
17808.611100 31099.444400
17812.500000 31123.055600
17814.444400 31024.722200
17815.277800 31100.277800
17816.666700 31016.666700
17816.666700 32766.666700
17818.333300 31093.333300
17820.000000 31145.277800
17820.833300 31078.055600
17820.833300 31130.000000
17825.277800 30983.055600
17830.000000 31075.555600
17830.277800 31122.777800
17830.833300 31098.888900
17833.055600 31133.333300
17833.333300 31016.666700
17833.333300 31050.000000
17835.555600 31110.277800
17838.333300 30915.833300
17839.722200 31070.833300
17841.388900 31115.555600
17841.944400 31060.555600
17843.888900 30979.166700
17845.833300 31054.722200
17846.388900 30945.555600
17848.055600 31015.000000
17848.888900 31128.888900
17850.000000 28900.000000
17850.000000 31033.333300
17850.000000 31066.666700
17850.000000 31183.333300
17850.000000 31383.333300
17850.277800 31070.555600
17850.277800 31083.888900
17850.555600 31051.388900
17852.777800 31084.722200
17855.277800 30967.222200
17856.666700 30993.888900
17857.222200 31095.277800
17858.611100 30950.000000
17859.166700 31023.055600
17859.722200 31122.777800
17860.000000 31060.833300
17863.888900 31029.722200
17864.444400 31056.666700
17865.277800 30941.666700
17865.833300 30905.277800
17866.388900 30927.222200
17866.666700 31066.666700
17869.166700 31112.500000
17869.444400 30987.777800
17877.222200 31002.222200
17878.333300 31090.833300
17879.444400 31016.666700
17879.444400 31124.444400
17882.777800 31042.222200
17883.333300 30700.000000
17884.444400 31009.166700
17884.722200 30920.833300
17885.833300 30991.944400
17891.388900 31116.666700
17892.777800 31071.388900
17893.611100 31019.722200
17900.000000 27300.000000
17900.000000 31250.000000
17910.555600 30992.222200
17912.777800 31011.111100
17915.277800 31005.555600
17916.666700 30983.333300
17927.500000 31008.611100
17932.500000 30929.722200
17933.333300 25833.333300
17933.611100 30974.444400
17934.444400 31010.555600
17936.111100 31002.500000
17938.888900 30958.333300
17944.166700 30977.500000
17966.666700 27500.000000
17966.666700 30433.333300
17983.333300 31066.666700
18000.000000 27566.666700
18016.666700 27133.333300
18016.666700 31100.000000
18033.333300 30150.000000
18033.333300 31100.000000
18033.333300 31316.666700
18066.666700 27833.333300
18066.666700 29850.000000
18083.333300 30450.000000
18083.333300 31216.666700
18083.333300 31333.333300
18100.000000 29900.000000
18100.000000 29933.333300
18100.000000 30900.000000
18100.000000 31166.666700
18116.666700 27450.000000
18116.666700 29850.000000
18133.333300 29600.000000
18133.333300 29916.666700
18133.333300 30133.333300
18133.333300 30150.000000
18150.000000 28383.333300
18150.000000 31850.000000
18166.666700 31233.333300
18166.666700 31683.333300
18183.333300 30700.000000
18183.333300 31400.000000
18183.333300 31550.000000
18200.000000 29916.666700
18216.666700 27400.000000
18216.666700 27950.000000
18216.666700 28933.333300
18216.666700 29800.000000
18216.666700 30933.333300
18216.666700 32750.000000
18266.666700 30566.666700
18266.666700 30866.666700
18266.666700 31100.000000
18283.333300 32050.000000
18300.000000 27983.333300
18300.000000 30216.666700
18300.000000 30683.333300
18300.000000 31366.666700
18316.666700 27066.666700
18316.666700 29983.333300
18316.666700 30583.333300
18316.666700 30600.000000
18316.666700 31133.333300
18316.666700 31200.000000
18333.333300 30600.000000
18350.000000 29883.333300
18350.000000 29916.666700
18366.666700 26483.333300
18366.666700 30083.333300
18366.666700 32600.000000
18366.666700 32666.666700
18383.333300 29866.666700
18383.333300 30683.333300
18383.333300 31350.000000
18400.000000 31766.666700
18416.666700 28016.666700
18450.000000 29450.000000
18450.000000 29816.666700
18466.666700 30700.000000
18466.666700 31516.666700
18483.333300 29416.666700
18516.666700 31400.000000
18533.333300 30533.333300
18533.333300 32116.666700
18550.000000 32116.666700
18566.666700 31050.000000
18583.333300 26316.666700
18600.000000 29833.333300
18616.666700 26866.666700
18616.666700 27166.666700
18616.666700 31566.666700
18650.000000 29783.333300
18650.000000 32616.666700
18666.666700 28683.333300
18683.333300 32633.333300
18716.666700 27550.000000
18716.666700 30816.666700
18716.666700 31983.333300
18716.666700 32166.666700
18733.333300 28816.666700
18733.333300 32800.000000
18766.666700 28500.000000
18783.333300 28666.666700
18800.000000 28333.333300
18800.000000 28466.666700
18816.666700 27166.666700
18816.666700 28650.000000
18866.666700 27433.333300
18883.333300 27416.666700
18883.333300 32683.333300
18900.000000 27466.666700
18900.000000 31283.333300
18916.666700 29816.666700
18916.666700 29833.333300
18933.333300 27766.666700
18933.333300 30050.000000
18933.333300 32583.333300
18950.000000 27516.666700
18950.000000 30283.333300
18966.666700 27416.666700
18966.666700 32383.333300
18966.666700 32666.666700
18983.333300 29300.000000
18983.333300 30100.000000
18983.333300 32616.666700
19000.000000 28900.000000
19000.000000 31033.333300
19000.000000 32583.333300
19016.666700 28533.333300
19016.666700 28550.000000
19016.666700 29733.333300
19016.666700 30900.000000
19033.333300 28600.000000
19033.333300 29783.333300
19066.666700 31750.000000
19083.333300 28716.666700
19083.333300 31166.666700
19100.000000 27966.666700
19116.666700 27683.333300
19133.333300 27533.333300
19133.333300 27650.000000
19150.000000 28666.666700
19150.000000 29800.000000
19166.666700 27516.666700
19166.666700 27583.333300
19166.666700 32616.666700
19183.333300 27466.666700
19183.333300 27516.666700
19183.333300 27600.000000
19183.333300 27683.333300
19200.000000 27616.666700
19200.000000 27666.666700
19200.000000 29816.666700
19216.666700 27483.333300
19216.666700 27516.666700
19216.666700 27533.333300
19216.666700 27566.666700
19216.666700 27700.000000
19233.333300 27600.000000
19233.333300 29250.000000
19250.000000 27633.333300
19250.000000 27716.666700
19266.666700 27366.666700
19266.666700 27400.000000
19266.666700 27433.333300
19266.666700 27516.666700
19266.666700 27550.000000
19266.666700 27600.000000
19283.333300 27333.333300
19283.333300 27450.000000
19283.333300 27633.333300
19283.333300 27650.000000
19283.333300 27666.666700
19283.333300 29616.666700
19283.333300 30533.333300
19300.000000 27416.666700
19300.000000 27516.666700
19300.000000 27533.333300
19300.000000 27633.333300
19316.666700 27333.333300
19316.666700 27366.666700
19316.666700 27683.333300
19333.333300 27500.000000
19333.333300 27533.333300
19333.333300 27633.333300
19333.333300 27650.000000
19333.333300 30183.333300
19333.333300 31433.333300
19350.000000 27016.666700
19350.000000 27383.333300
19350.000000 27400.000000
19350.000000 27600.000000
19350.000000 27633.333300
19350.000000 27650.000000
19350.000000 28466.666700
19366.666700 26983.333300
19366.666700 27050.000000
19366.666700 27433.333300
19366.666700 29566.666700
19366.666700 30016.666700
19383.333300 26916.666700
19383.333300 27016.666700
19383.333300 27466.666700
19383.333300 27633.333300
19383.333300 29600.000000
19400.000000 26966.666700
19400.000000 27066.666700
19400.000000 27083.333300
19400.000000 27200.000000
19400.000000 27283.333300
19400.000000 27666.666700
19400.000000 28400.000000
19400.000000 28450.000000
19416.666700 27033.333300
19416.666700 27166.666700
19416.666700 27333.333300
19416.666700 27633.333300
19416.666700 27716.666700
19433.333300 27133.333300
19433.333300 27233.333300
19433.333300 27400.000000
19433.333300 27500.000000
19433.333300 27516.666700
19433.333300 27550.000000
19433.333300 27633.333300
19433.333300 27700.000000
19433.333300 28950.000000
19433.333300 30833.333300
19450.000000 27016.666700
19450.000000 27066.666700
19450.000000 27250.000000
19450.000000 27283.333300
19450.000000 27516.666700
19450.000000 27700.000000
19450.000000 29816.666700
19466.666700 27033.333300
19466.666700 27066.666700
19466.666700 27150.000000
19466.666700 27200.000000
19466.666700 27316.666700
19466.666700 27366.666700
19466.666700 27466.666700
19466.666700 27666.666700
19466.666700 29750.000000
19466.666700 29766.666700
19466.666700 31216.666700
19483.333300 27050.000000
19483.333300 27183.333300
19483.333300 27233.333300
19483.333300 27283.333300
19483.333300 27366.666700
19483.333300 27433.333300
19483.333300 27450.000000
19483.333300 27550.000000
19483.333300 27616.666700
19483.333300 28566.666700
19483.333300 30783.333300
19500.000000 27066.666700
19500.000000 27100.000000
19500.000000 27400.000000
19500.000000 27716.666700
19500.000000 27733.333300
19500.000000 28750.000000
19500.000000 29750.000000
19516.666700 27233.333300
19516.666700 27483.333300
19516.666700 27533.333300
19516.666700 27650.000000
19516.666700 27750.000000
19516.666700 32550.000000
19533.333300 26916.666700
19533.333300 27083.333300
19533.333300 27100.000000
19533.333300 27133.333300
19533.333300 27216.666700
19533.333300 27283.333300
19533.333300 29933.333300
19550.000000 27050.000000
19550.000000 27166.666700
19550.000000 27416.666700
19550.000000 27750.000000
19550.000000 32666.666700
19550.000000 32783.333300
19566.666700 27033.333300
19566.666700 27066.666700
19566.666700 27133.333300
19583.333300 27133.333300
19583.333300 27466.666700
19583.333300 27666.666700
19583.333300 27733.333300
19583.333300 28033.333300
19583.333300 30750.000000
19600.000000 27166.666700
19600.000000 27566.666700
19600.000000 27766.666700
19600.000000 32800.000000
19616.666700 27033.333300
19616.666700 27116.666700
19616.666700 27516.666700
19633.333300 27066.666700
19633.333300 27100.000000
19633.333300 27183.333300
19633.333300 27683.333300
19633.333300 27716.666700
19633.333300 30833.333300
19650.000000 27050.000000
19650.000000 27083.333300
19650.000000 27150.000000
19650.000000 27550.000000
19650.000000 27650.000000
19650.000000 31166.666700
19650.000000 32466.666700
19666.666700 26966.666700
19666.666700 27133.333300
19666.666700 27250.000000
19666.666700 27333.333300
19666.666700 27416.666700
19666.666700 27566.666700
19666.666700 27616.666700
19666.666700 27700.000000
19666.666700 30000.000000
19683.333300 27016.666700
19683.333300 27383.333300
19683.333300 27433.333300
19683.333300 28850.000000
19700.000000 27033.333300
19700.000000 27066.666700
19700.000000 27083.333300
19700.000000 27466.666700
19700.000000 27500.000000
19700.000000 27650.000000
19700.000000 27683.333300
19700.000000 29666.666700
19716.666700 27583.333300
19716.666700 27766.666700
19716.666700 28800.000000
19716.666700 29500.000000
19716.666700 31833.333300
19733.333300 27600.000000
19733.333300 27716.666700
19733.333300 30666.666700
19750.000000 27766.666700
19750.000000 27783.333300
19766.666700 27216.666700
19766.666700 27316.666700
19766.666700 27400.000000
19766.666700 27616.666700
19766.666700 27750.000000
19766.666700 27800.000000
19766.666700 28766.666700
19766.666700 32416.666700
19783.333300 27683.333300
19783.333300 27783.333300
19783.333300 29200.000000
19783.333300 29366.666700
19800.000000 27616.666700
19800.000000 27650.000000
19800.000000 27833.333300
19800.000000 28750.000000
19800.000000 32866.666700
19816.666700 27683.333300
19833.333300 27216.666700
19833.333300 27400.000000
19833.333300 27466.666700
19833.333300 27633.333300
19833.333300 27783.333300
19850.000000 27383.333300
19850.000000 27416.666700
19850.000000 27650.000000
19850.000000 27716.666700
19850.000000 27783.333300
19850.000000 27866.666700
19866.666700 28266.666700
19883.333300 27616.666700
19894.444400 30758.333300
19911.111100 29691.666700
19916.666700 27366.666700
19916.666700 27783.333300
19916.666700 30050.000000
19933.333300 27233.333300
19933.333300 27266.666700
19933.333300 27650.000000
19933.333300 27700.000000
19936.111100 31636.111100
19950.000000 27333.333300
19966.666700 27400.000000
19966.666700 27416.666700
19966.666700 31433.333300
19966.666700 32333.333300
20000.000000 28933.333300
20016.666700 28850.000000
20016.666700 29266.666700
20016.666700 30516.666700
20016.666700 31466.666700
20032.777800 29884.722200
20033.333300 27766.666700
20033.333300 27933.333300
20050.000000 27766.666700
20050.000000 30483.333300
20050.000000 30800.000000
20050.000000 31266.666700
20075.000000 28585.277800
20075.833300 28406.666700
20077.777800 28429.444400
20080.000000 28658.333300
20081.111100 28568.888900
20083.333300 28590.555600
20083.333300 28783.333300
20083.333300 30533.333300
20083.333300 30816.666700
20083.333300 30833.333300
20083.333300 31616.666700
20085.000000 28551.944400
20090.555600 28582.222200
20092.777800 28574.444400
20093.055600 28553.888900
20093.333300 28586.111100
20093.611100 28597.777800
20095.000000 28612.777800
20096.111100 28622.777800
20097.777800 28680.833300
20098.611100 28611.666700
20098.888900 28558.888900
20100.000000 27483.333300
20100.000000 27666.666700
20100.000000 27950.000000
20100.000000 28500.000000
20100.000000 28550.000000
20100.000000 28638.333300
20100.277800 28596.388900
20100.555600 28652.777800
20100.833300 28610.277800
20101.388900 28645.277800
20101.944400 28578.055600
20103.333300 28475.000000
20103.333300 28606.666700
20103.333300 28621.944400
20104.166700 28517.500000
20106.388900 28605.833300
20106.388900 28652.777800
20107.500000 28591.944400
20108.333300 28498.888900
20111.111100 28596.944400
20113.611100 28604.722200
20113.888900 28527.777800
20113.888900 28685.555600
20116.388900 28615.277800
20116.666700 27650.000000
20116.666700 27900.000000
20116.666700 30366.666700
20119.444400 28583.888900
20119.444400 28589.444400
20120.277800 28511.111100
20121.666700 28528.611100
20122.500000 28495.555600
20123.055600 28602.777800
20123.055600 28609.722200
20125.277800 28543.888900
20127.777800 28578.611100
20128.333300 28631.111100
20128.888900 28570.000000
20131.111100 28603.055600
20131.666700 28494.722200
20131.666700 28591.111100
20133.888900 28650.555600
20135.555600 28568.888900
20136.111100 28517.222200
20136.111100 28532.500000
20136.666700 28456.944400
20136.944400 28505.833300
20137.500000 28485.833300
20138.055600 28552.500000
20140.277800 28564.444400
20141.111100 28600.000000
20141.944400 28575.277800
20142.222200 28622.777800
20142.500000 28531.666700
20143.333300 28616.111100
20144.444400 28473.333300
20145.000000 28540.833300
20145.833300 28594.722200
20146.944400 28492.222200
20147.222200 28564.444400
20148.333300 28521.111100
20149.166700 28529.444400
20149.166700 28737.222200
20149.444400 28595.277800
20150.000000 27300.000000
20150.000000 27700.000000
20150.000000 28583.333300
20150.000000 28616.666700
20150.000000 29533.333300
20152.500000 28536.666700
20152.500000 28584.722200
20154.722200 28525.277800
20155.555600 28553.888900
20158.333300 28601.111100
20159.166700 28560.000000
20160.555600 28508.055600
20161.388900 28610.000000
20162.500000 28538.888900
20162.777800 28568.611100
20163.888900 28652.500000
20164.166700 28525.000000
20165.277800 28679.444400
20166.666700 27600.000000
20166.666700 31083.333300
20166.666700 32783.333300
20167.500000 28556.388900
20168.333300 28671.388900
20170.833300 28618.055600
20171.666700 28571.388900
20172.222200 28578.611100
20172.777800 28542.777800
20173.055600 28630.277800
20174.722200 28662.777800
20177.777800 30836.111100
20178.888900 28534.166700
20179.444400 28609.722200
20180.833300 28649.166700
20183.333300 28633.333300
20183.333300 31333.333300
20184.444400 28586.111100
20185.000000 28516.944400
20185.000000 28601.111100
20185.277800 28495.000000
20185.555600 28559.166700
20185.833300 28735.555600
20187.222200 28667.777800
20187.777800 28593.888900
20190.000000 28620.555600
20191.666700 28568.333300
20193.055600 28636.111100
20194.444400 28581.666700
20197.500000 28531.944400
20198.055600 28558.611100
20198.888900 28620.000000
20199.166700 28600.000000
20199.444400 28631.944400
20200.000000 27766.666700
20200.000000 28550.000000
20200.000000 32616.666700
20200.833300 28567.500000
20201.666700 28534.444400
20201.944400 28577.222200
20204.166700 28714.722200
20205.000000 28595.000000
20206.388900 28581.944400
20206.944400 28609.722200
20208.611100 28721.388900
20212.222200 28681.666700
20214.166700 28558.333300
20214.444400 28652.500000
20214.722200 28595.277800
20215.833300 28664.722200
20216.666700 27283.333300
20216.666700 27766.666700
20216.666700 29300.000000
20216.666700 31416.666700
20217.500000 28615.555600
20218.611100 28589.166700
20220.000000 28578.611100
20221.666700 28573.888900
20222.222200 28583.611100
20222.222200 28711.111100
20224.444400 28702.500000
20225.555600 28278.888900
20227.777800 28638.055600
20228.055600 28629.444400
20228.055600 28659.444400
20228.611100 28618.333300
20229.444400 28611.111100
20233.333300 27300.000000
20233.333300 28916.666700
20233.611100 28719.722200
20233.611100 28746.666700
20237.222200 28746.111100
20240.000000 28641.944400
20266.666700 30916.666700
20280.555600 29884.722200
20300.000000 28933.333300
20300.000000 32616.666700
20316.666700 30516.666700
20316.666700 32650.000000
20316.666700 32733.333300
20333.333300 30033.333300
20333.333300 32500.000000
20350.000000 31450.000000
20366.666700 28333.333300
20366.666700 28983.333300
20366.666700 32400.000000
20366.666700 32600.000000
20383.333300 28216.666700
20383.333300 32250.000000
20400.000000 28900.000000
20400.000000 31450.000000
20416.666700 28483.333300
20416.666700 28600.000000
20416.666700 32100.000000
20419.444400 31963.888900
20433.333300 29683.333300
20433.333300 30733.333300
20433.333300 32483.333300
20450.000000 29050.000000
20466.666700 31866.666700
20483.333300 27816.666700
20483.333300 29916.666700
20516.388900 29055.555600
20516.666700 29316.666700
20533.333300 29283.333300
20550.000000 30533.333300
20550.000000 31316.666700
20550.000000 32400.000000
20566.666700 29333.333300
20566.666700 30400.000000
20600.000000 27850.000000
20600.000000 28383.333300
20602.777800 31397.222200
20613.888900 31113.888900
20616.666700 28400.000000
20616.666700 30050.000000
20649.166700 29151.388900
20666.666700 32266.666700
20683.333300 28416.666700
20698.611100 31625.000000
20700.000000 28066.666700
20749.166700 29701.388900
20800.000000 29533.333300
20800.000000 30800.000000
20800.000000 32233.333300
20850.000000 30200.000000
20899.444400 30786.111100
20916.666700 28466.666700
20916.666700 28950.000000
20927.777800 29441.666700
20933.333300 29000.000000
20950.000000 31366.666700
20966.666700 30266.666700
20966.666700 31733.333300
20983.333300 29033.333300
21000.000000 29216.666700
21016.666700 31533.333300
21033.333300 31450.000000
21050.000000 28450.000000
21050.000000 31666.666700
21066.666700 29366.666700
21083.333300 27716.666700
21150.000000 31283.333300
21166.666700 31550.000000
21200.000000 27850.000000
21250.000000 30733.333300
21383.333300 31016.666700
21416.666700 28533.333300
21416.666700 30733.333300
21423.888900 30728.888900
21433.333300 28855.555600
21433.333300 29900.000000
21433.333300 32033.333300
21466.666700 31583.333300
21500.000000 28083.333300
21516.666700 28866.666700
21516.666700 29533.333300
21533.333300 31483.333300
21583.333300 31250.000000
21633.333300 32100.000000
21650.000000 28933.333300
21666.944400 29124.722200
21683.333300 31316.666700
21700.000000 29200.000000
21733.333300 29866.666700
21815.277800 31570.833300
21850.000000 29350.000000
21850.000000 29400.000000
21916.666700 29200.000000
21916.666700 29366.666700
21917.222200 30027.222200
21944.722200 31627.777800
21966.666700 29366.666700
21966.666700 29583.333300
22016.666700 29366.666700
22016.666700 30166.666700
22066.666700 31416.666700
22083.333300 30150.000000
22083.333300 30650.000000
22116.666700 30066.666700
22133.333300 30666.666700
22150.000000 30633.333300
22200.000000 30350.000000
22200.000000 30783.333300
22216.666700 30000.000000
22233.333300 30933.333300
